0.8433 7.4352 0.0199 44 4574.57
0.1164 0.1259 0.1055 48 3742.6
0.1155 0.1171 0.1129 20 1689.37
0.1145 0.1171 0.1136 13 5084.48
0.1139 0.1176 0.1122 11 1320.06
0.1171 0.12 0.115 14 4106.91
0.1164 0.1193 0.1149 27 11567.6
0.1163 0.1189 0.1154 21 2732.01
0.1202 0.1236 0.1176 41 2555.26
0.121 0.1212 0.1205 16 1388.62
0.1221 0.1236 0.1212 36 6982.26
0.1239 0.1268 0.1221 30 4419.73
0.1258 0.127 0.1237 16 2312.73
0.1259 0.1266 0.1254 8 157.46
0.1245 0.1255 0.1232 18 2798.27
0.1249 0.1267 0.1239 16 307.33
0.1239 0.1246 0.1234 19 1669.81
0.1234 0.1245 0.1227 14 190.43
0.1179 0.1236 0.111 20 1350.26
0.118 0.1198 0.1169 30 3018.35
0.1156 0.119 0.1111 57 2068.28
0.1155 0.1184 0.1138 44 3739.88
0.1137 0.1144 0.1129 19 551.71
0.1137 0.1142 0.1131 22 1242.42
0.1051 0.1115 0.1 21 1230.9
0.106 0.1098 0.1012 40 5056.16
0.106 0.1096 0.103 37 2212.55
0.1071 0.1076 0.1067 24 3334.1
0.105 0.1072 0.1037 51 5139.71
0.1016 0.1079 0.0969 46 2976.93
0.0992 0.1019 0.0969 47 2954.03
0.0963 0.0997 0.0949 17 1045.24
0.0957 0.0992 0.0924 56 2586.36
0.099 0.1008 0.0968 66 8610.36
0.1003 0.1017 0.0978 21 6818.59
0.1011 0.1018 0.099 59 6178.89
0.1015 0.102 0.1012 32 2836.31
0.0982 0.0989 0.0966 20 1881.22
0.0979 0.1002 0.0966 51 8356.95
0.0946 0.0977 0.0906 54 1833.96
0.0956 0.0978 0.0937 27 1763.15
0.0931 0.0933 0.093 15 1370.14
0.0962 0.0968 0.0954 20 1643.1
0.0946 0.096 0.0929 32 1665.32
0.0913 0.0928 0.09 35 2845.5
0.0895 0.0903 0.0887 12 1503.16
0.0893 0.0908 0.0884 41 3625.3
0.0868 0.0878 0.0855 33 5747.81
0.0847 0.0863 0.0838 33 3764.95
0.0813 0.0817 0.081 5 426.34
0.0758 0.0781 0.0741 12 785.46
0.0705 0.0757 0.0683 20 607.8
0.065 0.0658 0.0646 18 838.97
0.0705 0.0756 0.0647 60 2817.26
0.0715 0.0732 0.0706 33 1269.56
0.0725 0.0729 0.0714 27 1178.44
0.0791 0.0824 0.0733 71 7519.65
0.0887 0.0931 0.0835 65 7455.65
0.0897 0.0916 0.0885 14 72.15
0.09 0.0929 0.088 22 443.79
0.0918 0.095 0.0884 94 7510.55
0.0912 0.0925 0.09 55 2401.57
0.0892 0.0911 0.0882 41 1842.28
0.0857 0.0901 0.0804 47 2411.39
0.085 0.0857 0.0828 46 1382
0.086 0.0879 0.0841 20 716.05
0.0852 0.0867 0.0836 25 1002.69
0.0836 0.0848 0.0829 56 1213.15
0.0851 0.0877 0.0842 56 4466
0.085 0.0869 0.084 66 1165.23
0.0845 0.0861 0.0842 66 1578
0.087 0.0885 0.0861 59 3909.35
0.0873 0.0885 0.0866 17 146.09
0.087 0.0875 0.0856 42 491.35
0.0894 0.0905 0.0871 43 2320.05
0.0901 0.0916 0.0894 61 2229.68
0.0946 0.1 0.0901 87 12186.8
0.0966 0.097 0.0964 52 6115.07
0.095 0.0968 0.0941 57 1802.73
0.0955 0.0956 0.0955 32 1437.23
0.0951 0.0954 0.0949 37 275.19
0.0955 0.0959 0.0945 62 2738.62
0.0962 0.0968 0.0957 48 3779.56
0.0954 0.0958 0.0952 67 1666.38
0.0949 0.096 0.094 52 1814.13
0.0938 0.0945 0.0919 63 1105.61
0.0916 0.0923 0.0909 16 334.58
0.0913 0.0922 0.0908 27 1861.86
0.0919 0.0926 0.0916 69 1752.67
0.0926 0.0932 0.0918 73 10697.66
0.0952 0.0976 0.0925 139 15120.36
0.0959 0.0966 0.0955 74 3802.95
0.0951 0.0955 0.0948 101 8324.76
0.0955 0.096 0.0954 107 3665.26
0.0959 0.0965 0.0949 102 6179.06
0.099 0.1009 0.0968 127 6722.08
0.1002 0.1041 0.0998 117 12886.3
0.1039 0.1063 0.1029 107 7406.71
0.1073 0.108 0.1066 49 1305.12
0.1036 0.1071 0.0994 70 2057.65
0.1031 0.104 0.0994 64 5394.64
0.1026 0.1048 0.1025 59 8289.05
0.1055 0.1066 0.1047 81 2008.26
0.1083 0.1125 0.1046 131 16418.92
0.1116 0.1132 0.11 86 2581.95
0.1133 0.116 0.1105 106 10497.04
0.1156 0.1199 0.112 109 82440.84
0.1188 0.1198 0.1132 82 36536.35
0.1197 0.1199 0.1197 78 18478.84
0.1222 0.1254 0.1198 78 67153.64
0.1231 0.1244 0.1225 71 11531.13
0.1233 0.125 0.1228 69 8058.39
0.1156 0.119 0.114 61 26685.26
0.1146 0.1153 0.1142 64 5065.47
0.113 0.1152 0.1123 36 2999.53
0.1134 0.1146 0.1119 39 2141.57
0.1116 0.1162 0.1099 76 28036.77
0.1158 0.1183 0.1111 98 74112.56
0.1171 0.12 0.115 58 3044.75
0.1199 0.12 0.1192 76 10123.92
0.1197 0.1207 0.1176 60 11027
0.1196 0.1212 0.1168 34 669.83
0.1175 0.1178 0.1174 20 3636.59
0.1183 0.1201 0.1154 62 51596.48
0.1179 0.1185 0.1153 60 8720.67
0.1178 0.1183 0.1175 69 13688.6
0.1178 0.118 0.1176 39 6220.17
0.1167 0.119 0.1149 63 31396.88
0.1167 0.1185 0.1136 22 45411.55
0.1177 0.12 0.1172 38 19815.54
0.1172 0.1186 0.114 57 32205.58
0.1175 0.1182 0.1137 80 73159.87
0.1203 0.1254 0.1183 55 46705.3
0.1186 0.119 0.1176 46 31489.91
0.1188 0.1208 0.1177 51 5606.73
0.1204 0.1209 0.1201 28 2136.66
0.1199 0.1203 0.1197 38 1934.24
0.1199 0.1202 0.1197 51 7274.01
0.1198 0.1216 0.1187 55 12200.15
0.1191 0.12 0.1136 66 78698.06
0.1085 0.1124 0.1022 76 3989.79
0.1171 0.119 0.1141 47 3728.14
0.1194 0.121 0.1188 31 37122.2
0.1184 0.1222 0.1176 34 2283.43
0.1191 0.1194 0.119 57 10443.88
0.1203 0.1211 0.1199 72 14177.47
0.121 0.1212 0.1206 62 89106.07
0.1227 0.1237 0.1193 82 9541.18
0.1233 0.125 0.1223 58 2879.03
0.1247 0.125 0.124 46 27382.4
0.1255 0.1275 0.1249 44 16546.5
0.1317 0.1348 0.1262 95 24892.39
0.132 0.1348 0.13 99 71187.69
0.1379 0.1409 0.1333 97 260116.72
0.1368 0.1408 0.1341 55 55310.43
0.1414 0.1428 0.1398 85 150338.39
0.1472 0.1559 0.14 117 133949.73
0.1549 0.155 0.1548 47 51879.02
0.1608 0.1699 0.1549 117 46371.3
0.1787 0.1852 0.1707 114 28508.11
0.187 0.1962 0.1835 86 16203.76
0.1914 0.1996 0.175 67 30933.41
0.1766 0.189 0.1689 47 16218.58
0.1747 0.177 0.1696 50 6537.59
0.1761 0.1771 0.1746 49 24586.38
0.1866 0.19 0.1816 72 37719.89
0.1925 0.1995 0.189 80 27175.43
0.1971 0.1995 0.1948 72 21261.46
0.1941 0.1958 0.1915 72 14315.44
0.197 0.2 0.1951 60 45087.16
0.1989 0.1999 0.1969 33 24170.6
0.2 0.2022 0.1997 56 46424.57
0.2056 0.2163 0.2 125 243808.18
0.2285 0.2448 0.2187 123 31309.19
0.2439 0.2496 0.2348 176 174586.93
0.2645 0.2856 0.2485 185 328434.07
0.2931 0.314 0.274 165 101138.37
0.3269 0.3348 0.3142 167 197520.33
0.3021 0.3345 0.2749 104 46879.8
0.3152 0.3203 0.2974 104 62530.21
0.3272 0.3418 0.3165 198 174532.66
0.3616 0.383 0.3376 199 65259.13
0.3963 0.4096 0.3861 178 250416.9
0.41 0.4279 0.3911 104 33776.74
0.4151 0.416 0.4096 105 140121
0.4347 0.45 0.416 128 212168.56
0.508 0.5808 0.45 412 1020937.46
0.6265 0.7485 0.4977 478 887514.89
0.5261 0.624 0.4399 252 147203.78
0.5802 0.6483 0.4929 261 357514.24
0.6832 0.7484 0.603 244 73257.88
0.7672 0.8053 0.73 206 358931.93
0.7611 0.7901 0.7159 112 154743.78
0.7714 0.7873 0.75 134 50322.08
0.7779 0.8218 0.7642 308 583424.84
0.8675 0.9483 0.8297 323 374120.18
0.9648 1.0396 0.9298 363 733152.14
1.047 1.0983 1.0021 299 230661.03
1.108 1.1289 1.06 218 90165.04
1.0131 1.1187 0.8504 209 64558.44
0.9506 0.9889 0.801 241 188841.03
0.9966 1.0461 0.9483 201 150471.6
1.0217 1.0697 0.999 211 224753.05
1.004 1.0681 0.9092 264 122040.68
0.9506 0.9732 0.908 178 67775.2
0.8004 0.92 0.6745 151 25266.05
0.7689 0.8127 0.739 101 110968.12
0.841 0.8986 0.766 186 84349.18
0.9186 0.95 0.8941 187 60991.04
0.9313 0.9776 0.897 157 59600.54
0.8706 0.9093 0.8543 114 32892.69
0.8965 0.9237 0.8813 133 43225.37
0.8874 0.8992 0.8726 66 9172.36
0.8534 0.896 0.8216 66 22774.15
0.8452 0.8787 0.7546 119 13274.56
0.7303 0.7955 0.67 214 71620.96
0.6123 0.72 0.508 313 278633.32
0.5963 0.6649 0.5392 238 197565.09
0.6859 0.7156 0.6622 164 135585.18
0.6287 0.6681 0.6062 82 63113.06
0.6338 0.66 0.5889 85 29467.15
0.6603 0.6779 0.6495 87 81532.53
0.6567 0.6698 0.64 92 126407.9
0.646 0.6574 0.6348 95 67656.49
0.6767 0.7495 0.6498 215 301873.82
0.7251 0.7498 0.71 84 49219.86
0.7034 0.71 0.6911 81 20960.9
0.7027 0.7069 0.6962 62 10675.49
0.7176 0.7372 0.7048 104 162340.06
0.7282 0.73 0.7187 50 10414.47
