0.7318 0.7381 0.7293 24 11028.69
0.7343 0.75 0.7199 85 90278.85
0.7604 0.788 0.737 164 337401.47
0.7795 0.8 0.7701 80 50475.09
0.8175 0.8695 0.8 165 228353.07
0.8839 0.8939 0.8625 216 372918.16
0.8678 0.8926 0.8319 133 65024.03
0.8184 0.8498 0.7869 104 25782.91
0.8077 0.8271 0.7916 85 100297.19
0.8207 0.8304 0.7927 81 58774.84
0.8595 0.8874 0.8349 91 47117.83
0.8493 0.8762 0.8167 66 28698.39
0.8158 0.8497 0.7977 88 14048.41
0.8191 0.826 0.8099 61 18289.76
0.8268 0.8444 0.8153 107 70281.91
0.8262 0.8363 0.81 61 17699.7
0.8139 0.8324 0.8027 100 21183.77
0.8041 0.8104 0.787 71 27664.77
0.8089 0.8195 0.7796 69 9575.47
0.8178 0.8262 0.8135 90 30085.36
0.8192 0.8226 0.815 91 30946.04
0.8119 0.82 0.7957 68 4630.91
0.8077 0.815 0.7954 71 16685.84
0.7857 0.8025 0.775 60 7555.24
0.7841 0.7987 0.7738 63 30987.87
0.7972 0.812 0.7879 82 23685.86
0.7959 0.8245 0.7489 69 19223.78
0.7444 0.7712 0.7196 118 25059.46
0.748 0.76 0.733 72 23248.93
0.7523 0.759 0.746 69 63007.82
0.7525 0.758 0.7473 94 172740.81
0.7708 0.7834 0.7561 57 29615.89
0.7778 0.7814 0.7635 50 4053.16
0.7713 0.7874 0.75 63 24899.79
0.7641 0.7692 0.7594 100 51213.98
0.7611 0.7807 0.748 92 79543.33
0.7545 0.7629 0.7456 105 64428.02
0.7085 0.7595 0.6803 185 151570.36
0.7036 0.7142 0.6886 55 13983.35
0.6816 0.6967 0.6749 117 83144.26
0.6588 0.6935 0.6122 159 35458.01
0.6624 0.6888 0.6001 137 18958.97
0.6394 0.649 0.631 62 14559.29
0.6337 0.6557 0.5865 68 10816.61
0.5854 0.6565 0.5317 199 105113
0.636 0.6569 0.6172 78 17018.44
0.6223 0.65 0.5856 89 59070.24
0.6057 0.628 0.5632 125 30439.2
0.6161 0.6248 0.6008 98 20253.43
0.6108 0.625 0.5982 73 13299.89
0.5902 0.6023 0.5788 58 55532.3
0.5669 0.584 0.529 65 11420.9
0.5633 0.5782 0.55 54 66596.01
0.6 0.6183 0.5745 65 27662.97
0.5877 0.6054 0.5751 56 12647.53
0.5243 0.5712 0.4874 134 36939.81
0.5523 0.575 0.5193 105 36130.81
0.5518 0.5737 0.5379 51 5830.29
0.548 0.5555 0.5382 79 67938.32
0.5375 0.5446 0.5324 55 35094.85
0.5458 0.5599 0.5367 86 49441.12
0.5762 0.6296 0.5435 136 192783.88
0.6381 0.67 0.6207 100 109860.17
0.6317 0.6563 0.6182 112 23355.88
0.6278 0.63 0.62 75 30847.14
0.6205 0.6351 0.6111 62 30264.07
0.6036 0.615 0.5814 32 15916.13
0.5975 0.6143 0.5825 80 19313.37
0.6042 0.6107 0.5946 57 31259.14
0.6023 0.6087 0.5952 69 82580.3
0.6072 0.6209 0.6016 59 69034.89
0.6093 0.6135 0.6031 60 76870.7
0.6055 0.6081 0.6018 54 65578.49
0.6044 0.6075 0.595 47 13826.35
0.6076 0.6106 0.6031 57 95833.03
0.6012 0.6078 0.589 75 71701.84
0.5904 0.5983 0.5841 48 10381.87
0.589 0.6017 0.5819 71 46973.76
0.5791 0.5995 0.5694 50 46459.2
0.5721 0.5803 0.5669 48 7008.89
0.5614 0.5698 0.5499 48 10533.63
0.5506 0.555 0.5465 29 2105.53
0.5524 0.56 0.54 73 27950.64
0.5597 0.5651 0.5429 51 21164.3
0.5661 0.5737 0.55 51 13275.42
0.5489 0.574 0.5199 129 17066.55
0.5129 0.5232 0.5021 50 44443.75
0.509 0.522 0.4951 49 9824.47
0.4892 0.5101 0.4674 37 6026.51
0.4624 0.476 0.45 49 4122.8
0.4736 0.4851 0.467 25 2709.26
0.4706 0.486 0.4438 67 26441.58
0.4242 0.4318 0.4184 71 25904.54
0.4386 0.4419 0.4314 36 2321.69
0.4483 0.465 0.4385 48 10309.9
0.4665 0.4831 0.4537 43 14687.15
0.4576 0.4599 0.4557 23 2903.96
0.4453 0.4478 0.4419 11 346.13
0.4444 0.4523 0.4386 28 7770.87
0.4102 0.4392 0.3969 36 7651.95
0.3934 0.425 0.3579 68 10771.96
0.4303 0.4478 0.4248 29 30541.93
0.4123 0.4238 0.4001 17 3886.88
0.4286 0.4518 0.403 56 20544.84
0.4712 0.494 0.4426 78 90885.85
0.5031 0.5273 0.483 58 45567.8
0.5094 0.5232 0.4854 23 2386.81
0.4835 0.4841 0.4829 3 110.41
0.4755 0.4898 0.46 44 41140.81
0.4919 0.502 0.4817 39 22968.31
0.4828 0.4997 0.4701 9 384.94
0.4886 0.4904 0.4875 18 4144.88
0.4798 0.4825 0.475 32 10218.42
0.4819 0.4869 0.4784 22 1553.94
0.4715 0.4869 0.4572 29 10766.9
0.4634 0.4676 0.4573 9 415.27
0.4541 0.4607 0.447 13 843.2
0.4401 0.4582 0.4255 27 3110.4
0.4344 0.4382 0.4303 25 7316.63
0.4331 0.4387 0.4242 28 7605.22
0.4356 0.4399 0.4292 25 865.72
0.4307 0.4368 0.4257 16 4461.48
0.4234 0.4272 0.4224 23 6738.97
0.4218 0.4259 0.4172 13 9220.42
0.4159 0.4172 0.4141 24 12786.02
0.4175 0.4253 0.4133 25 2242.07
0.4244 0.4347 0.4156 39 30666.59
0.4317 0.437 0.4289 22 3532.7
0.4326 0.4361 0.4306 14 10813.3
0.4312 0.438 0.4165 21 2408.84
0.4299 0.435 0.4255 10 11379.73
0.4252 0.4265 0.4241 25 805.67
0.4241 0.426 0.42 23 4018.92
0.4267 0.431 0.4244 54 20476.38
0.4335 0.44 0.427 64 15385.59
0.4339 0.4367 0.4328 15 10739.62
0.4353 0.4374 0.4344 18 12487.66
0.4303 0.4329 0.4275 12 3310.7
0.4239 0.4336 0.4106 40 5225.41
0.443 0.467 0.4311 90 30197.4
0.4684 0.4803 0.448 47 18939.87
0.4935 0.512 0.4678 74 41071.96
0.5196 0.5321 0.511 29 7950.99
0.5103 0.5146 0.5074 16 3008.18
0.5386 0.5596 0.5077 76 24900.86
0.5623 0.5699 0.558 37 17422.08
0.5492 0.5665 0.5405 35 29076.9
0.5548 0.5592 0.5433 23 8833.36
0.5534 0.5563 0.5504 17 24627.59
0.5724 0.5996 0.5507 62 43381.09
0.6038 0.6121 0.595 36 69016.03
0.6286 0.644 0.6106 88 69549.45
0.6174 0.6364 0.6056 35 5611.33
0.6381 0.649 0.6122 35 14879.15
0.6369 0.6569 0.6266 35 13464.31
0.6357 0.6454 0.609 53 25978.17
0.6449 0.6509 0.6384 39 5673.04
0.6459 0.6505 0.6387 14 6465.82
0.6383 0.6455 0.629 21 18314.55
0.6344 0.6398 0.6297 25 29231.95
0.6335 0.6399 0.625 31 26523.33
0.6337 0.6409 0.62 20 8551.89
0.6263 0.6316 0.6186 15 19356.15
0.5978 0.6049 0.5872 16 3075.65
0.5759 0.5947 0.5564 18 11775.64
0.5578 0.5678 0.545 19 1562.56
0.5838 0.5986 0.5555 46 20967.29
0.5851 0.5932 0.569 34 15283.02
0.5949 0.599 0.585 33 55943.5
0.5916 0.5988 0.5755 15 8243.17
0.5872 0.5936 0.5799 11 2099.53
0.5805 0.584 0.5767 10 6379.59
0.5876 0.593 0.5838 20 17336.45
0.5781 0.5899 0.5698 17 5678.62
0.5871 0.5988 0.5728 21 35958.98
0.5663 0.5702 0.5617 18 4101.91
0.5689 0.5718 0.5647 19 9373.71
0.5706 0.5746 0.5661 28 12386.32
0.5799 0.584 0.5683 16 6876.71
0.5897 0.5919 0.5878 25 33435.15
0.6124 0.625 0.5974 48 26626.62
0.6301 0.6399 0.616 58 11803.4
0.6379 0.6449 0.6297 44 29408.28
0.6458 0.6511 0.6384 28 19796.73
0.6319 0.6408 0.621 12 6565.07
0.6288 0.629 0.6287 8 5740.23
0.6268 0.6431 0.6159 57 37491.13
0.6364 0.6401 0.6287 14 1293.86
0.6261 0.6372 0.6199 8 1045.05
0.623 0.6367 0.6167 28 23188.02
0.6148 0.6201 0.6099 29 12674.12
0.63 0.6363 0.6187 21 3302.37
0.6231 0.6252 0.6211 4 1269.27
0.6242 0.6248 0.6238 19 19267.01
0.6203 0.6242 0.6162 19 11576.76
0.6192 0.6207 0.6169 11 2539.3
0.6163 0.6198 0.6102 17 12794.63
0.6128 0.6238 0.601 37 20834.25
0.6241 0.631 0.6125 31 44802.33
0.6264 0.6289 0.6237 13 681.21
0.6283 0.6334 0.6232 19 24423.9
0.6243 0.6289 0.6149 15 2574.25
0.6207 0.6221 0.6173 17 29870.39
0.6143 0.6167 0.6107 12 3938.2
0.5989 0.6011 0.5949 8 4865.61
0.596 0.5964 0.5959 4 67.59
0.5984 0.5988 0.598 11 3279.68
0.5871 0.593 0.5812 5 133.37
0.5897 0.5989 0.5779 42 12306.65
0.5881 0.5966 0.5827 23 9523.34
0.5818 0.5899 0.576 24 4305.92
0.5959 0.6081 0.5886 19 3239.14
0.6112 0.6118 0.6107 14 9974.64
0.5916 0.602 0.5846 22 7584.37
0.5939 0.5998 0.5878 15 10285.33
0.5857 0.5876 0.581 19 7905.95
0.5833 0.5847 0.5818 17 9499.49
0.5945 0.6169 0.5839 37 44732.84
0.6019 0.6059 0.6 7 164.8
0.6096 0.613 0.6048 19 15530.05
0.6022 0.6117 0.5928 4 2475.97
0.6039 0.6096 0.6007 7 100
0.5918 0.6006 0.5713 6 2190.53
0.5733 0.5896 0.5615 12 1903.45
0.5383 0.5536 0.5278 24 2140.86
0.5249 0.5344 0.5109 14 3999.93
0.5152 0.5312 0.5 35 23510.91
0.5237 0.53 0.5098 16 2379.73
0.4854 0.5025 0.472 34 8723.67
0.4844 0.4939 0.474 24 1356.76
0.4957 0.5282 0.4854 57 20815.07
0.5337 0.5397 0.5263 34 12431.47
0.5166 0.5189 0.513 10 1366.35
0.5147 0.5182 0.5095 11 236.86
0.5071 0.5112 0.5001 13 1348.02
0.5087 0.5125 0.5 32 21345.47
0.5073 0.5129 0.5 14 2097.17
0.5099 0.5141 0.5083 17 2439.18
0.5075 0.5099 0.5042 12 3440.3
0.4979 0.515 0.4878 22 9776.08
0.4963 0.5077 0.4899 14 8465.81
0.4822 0.4839 0.4741 23 4296.87
0.4715 0.474 0.465 31 1081.51
0.4722 0.4757 0.4708 35 3412.24
0.4708 0.4759 0.465 67 22914.61
0.4658 0.4703 0.4624 59 43248.89
0.4675 0.4707 0.4649 22 17656.57
0.4681 0.4719 0.4659 16 8761.13
0.4736 0.4864 0.4699 16 55145.25
0.4695 0.4791 0.4646 37 14311.13
0.48 0.529 0.4639 77 60438.91
0.4917 0.5199 0.4728 39 30963.28
0.4835 0.4936 0.474 36 6644.41
0.4743 0.4836 0.463 32 3252.74
0.4762 0.4797 0.4742 18 2103.62
0.4879 0.4899 0.4847 35 68784.99
0.4806 0.484 0.4778 15 634.78
0.4698 0.47 0.4694 12 6572.15
0.464 0.468 0.4531 16 1604.73
0.4504 0.4642 0.4377 25 44464.03
0.413 0.4278 0.4 59 15733.01
0.4141 0.4234 0.405 29 4230.62
0.4061 0.4117 0.3995 9 406.14
0.4031 0.4062 0.3984 29 1396.84
0.4027 0.4399 0.3802 54 10611.21
0.4295 0.4438 0.415 31 4674.69
0.4127 0.4188 0.4066 30 17629.96
0.4057 0.4164 0.3984 38 6144.97
0.4063 0.41 0.4023 14 4154.48
0.3952 0.4012 0.384 6 566.21
0.3828 0.3888 0.3778 25 42161.55
0.379 0.3893 0.3745 31 6519.59
0.3849 0.3918 0.3812 17 414.48
0.3768 0.3797 0.375 29 17173.84
0.3641 0.371 0.3551 21 10707.89
0.3481 0.3604 0.329 34 19028.1
0.3118 0.3318 0.2954 55 11121.49
0.3243 0.343 0.3068 42 26759.84
0.3324 0.336 0.3274 21 993.86
0.3333 0.347 0.3179 59 25111.75
0.3592 0.3836 0.3438 60 23068.46
0.3593 0.363 0.3533 18 690.31
0.354 0.3629 0.3504 13 14985.07
0.3539 0.3676 0.347 36 45452.98
0.3759 0.3799 0.3701 29 8042.35
0.3962 0.4075 0.3774 51 16213.49
0.3939 0.4 0.388 31 8345.16
0.3844 0.393 0.3751 23 5016.18
0.3753 0.3804 0.3697 33 2483.18
0.3712 0.3729 0.37 14 12416.06
0.3836 0.387 0.3791 18 5361.77
0.375 0.379 0.369 14 287
0.377 0.3794 0.3721 46 12149.33
0.3737 0.3798 0.3677 32 36377.93
0.3668 0.3768 0.3597 48 54376
0.3547 0.3591 0.3441 24 7685.36
0.3444 0.3547 0.3356 23 767.54
0.3483 0.3531 0.34 25 2599.68
0.3471 0.354 0.3399 39 44680.31
0.3512 0.3539 0.3437 27 5148.13
0.3477 0.354 0.3388 9 585.93
0.3381 0.3498 0.334 34 15498.97
0.336 0.3471 0.3315 15 2840.58
0.3228 0.3323 0.3139 22 15934.4
0.3215 0.3242 0.3185 26 17364.04
0.3231 0.3233 0.3229 11 1240.19
0.3196 0.3233 0.3184 17 3321.11
0.3267 0.3331 0.3208 35 6283.74
0.3313 0.3355 0.326 34 14410.14
0.3337 0.3375 0.3278 23 8215.53
0.3339 0.3364 0.329 30 15088.09
0.3392 0.3414 0.3358 43 28033.26
0.3538 0.3685 0.343 97 54796.16
0.3624 0.3682 0.3597 18 471.05
0.3781 0.4158 0.3588 106 31424.13
0.4167 0.4465 0.3879 56 44572.57
0.3869 0.3959 0.3774 25 501.54
0.3752 0.3896 0.3659 13 7208.49
0.3729 0.383 0.3676 24 20532.08
0.3795 0.3903 0.3703 46 7932.83
0.3716 0.3798 0.3663 60 12398.33
0.3713 0.3774 0.3654 52 65650.23
0.36 0.3766 0.3487 46 35190.07
0.35 0.362 0.345 60 55150.01
0.3592 0.3609 0.3569 14 8900.12
0.3523 0.3569 0.3508 18 9975.4
0.3704 0.3719 0.3665 55 26595.51
0.3798 0.3935 0.3719 42 27757.15
0.3729 0.3779 0.3696 26 6014.5
0.3663 0.368 0.365 30 3438.09
0.3641 0.3724 0.3562 31 4029.34
0.375 0.38 0.3724 45 17631.65
0.372 0.3757 0.369 29 8820.99
0.3727 0.3807 0.365 37 19463.84
0.3754 0.3857 0.3699 81 80747.8
0.3758 0.3796 0.3731 20 6600.02
0.3705 0.374 0.3672 40 35714.43
0.3635 0.367 0.3501 30 37956.9
0.3654 0.3672 0.3544 24 3629.2
0.3634 0.369 0.3508 9 1853.58
0.3637 0.3699 0.3599 52 2651.3
0.3496 0.3623 0.3409 55 18659.72
0.3489 0.3566 0.3456 19 2104.34
0.3467 0.3485 0.3397 38 10186.27
0.3455 0.3498 0.339 47 5853.94
0.3466 0.3493 0.3439 29 3644.65
0.3428 0.3463 0.34 17 1196.16
0.3291 0.3349 0.325 27 5923.44
0.3249 0.3361 0.317 47 12253.67
0.316 0.3228 0.308 33 11298.7
0.3104 0.3166 0.306 52 15381.31
0.3094 0.3142 0.3069 20 3695.99
0.3141 0.3226 0.3069 27 23011.21
0.3191 0.3266 0.3125 45 15376.45
0.3278 0.3357 0.319 68 18713.01
0.3236 0.3346 0.318 63 17896.82
0.3479 0.3779 0.3225 131 45629.78
0.333 0.3517 0.3182 60 12379.08
0.3466 0.3546 0.3358 63 13382.83
0.3362 0.3439 0.3181 51 3509.57
0.3237 0.3288 0.3125 32 4291.42
0.3255 0.331 0.3136 47 8080.49
0.3188 0.3226 0.3112 17 280.22
0.3155 0.3191 0.313 17 1037.02
