0.3151 0.3182 0.31 13 822.53
0.3102 0.3134 0.307 20 14194.78
0.3048 0.3133 0.2971 43 9109.64
0.2779 0.288 0.2644 71 5806.71
0.2727 0.2793 0.269 32 9733.15
0.2711 0.2793 0.2669 52 10373.34
0.2851 0.3 0.271 48 13563.89
0.2845 0.2897 0.2805 15 6544.68
0.2756 0.2809 0.2725 38 15038.03
0.2686 0.2783 0.2591 55 24481
0.2634 0.2714 0.2581 67 55444.72
0.2584 0.26 0.2567 46 1646.3
0.2379 0.2658 0.2255 112 22331.21
0.2048 0.2339 0.1826 82 9548.78
0.2058 0.2386 0.1821 102 33280.99
0.2043 0.2135 0.1961 55 11727.27
0.1962 0.2025 0.1868 23 21901.7
0.1995 0.2073 0.195 48 9942.87
0.2022 0.2083 0.19 40 10191.51
0.2031 0.2063 0.2 55 14872.47
0.2014 0.2027 0.1994 34 18747.36
0.2219 0.229 0.2057 65 32466.13
0.2263 0.2293 0.2236 14 2356.14
0.2274 0.229 0.2237 68 33491.39
0.2372 0.239 0.229 44 22018.31
0.2684 0.2989 0.2389 124 117615.2
0.2544 0.26 0.245 60 9826.9
0.2537 0.261 0.2445 35 5351.24
0.2297 0.2384 0.2253 39 7266.01
0.2224 0.2312 0.211 37 16469.42
0.2245 0.2272 0.2213 38 1989.05
0.2127 0.2216 0.2077 52 12405.09
0.2184 0.2247 0.2132 23 9751.75
0.231 0.2329 0.2235 70 7607
0.2251 0.2291 0.2233 27 4221.47
0.2196 0.2296 0.2101 93 11227.6
0.2175 0.2236 0.213 99 36524.76
0.2189 0.2225 0.2165 34 841.19
0.2181 0.2243 0.2155 40 16228.92
0.2178 0.2222 0.215 29 2296.54
0.2151 0.2222 0.2137 36 2065.51
0.2141 0.2171 0.2114 29 8709.63
0.2135 0.2188 0.2098 57 2581.61
0.2203 0.2295 0.2107 97 25121.61
0.2333 0.2463 0.2265 79 32294.31
0.2466 0.253 0.2409 58 4098.74
0.2274 0.233 0.2244 59 13448.39
0.2282 0.2329 0.221 54 28472.42
0.2324 0.2336 0.2309 19 8423.29
0.2267 0.2336 0.2197 31 14497.68
0.2314 0.237 0.2278 53 7262.85
0.2355 0.2384 0.2315 25 5545.19
0.2296 0.2313 0.2289 29 7360.7
0.2227 0.2265 0.2129 52 33094.69
0.2229 0.2242 0.218 37 32314.21
0.2281 0.233 0.2237 75 70804.8
0.2343 0.2415 0.2249 77 68905.05
0.2393 0.2469 0.233 87 96157.94
0.2403 0.2439 0.2364 45 10237.79
0.2367 0.239 0.2276 30 27458.04
0.2433 0.2512 0.2365 105 27129.36
0.2607 0.2673 0.2532 136 21119.21
0.2657 0.2702 0.2607 61 24059.16
0.2582 0.2661 0.2518 43 36868.68
0.2609 0.27 0.25 26 3806.58
0.2617 0.2627 0.257 33 31026.89
0.2645 0.2649 0.2638 17 7037.02
0.2706 0.2779 0.2644 48 11819.9
0.2916 0.2992 0.281 126 29970.25
0.2931 0.2974 0.2878 26 1021.62
0.2984 0.3 0.2958 25 3843.13
0.2837 0.2906 0.28 37 11016.71
0.2726 0.2771 0.2655 43 13373.68
0.2738 0.2841 0.266 74 46877.92
0.2797 0.2852 0.2762 62 22579.3
0.2821 0.285 0.2808 50 7322.87
0.2684 0.2782 0.2633 30 1501.25
0.2539 0.2579 0.25 24 669.26
0.2528 0.2539 0.2494 32 4218.67
0.2524 0.2538 0.2493 29 4212.82
0.2558 0.259 0.254 40 4245.18
0.2611 0.2628 0.2606 34 2730.54
0.2525 0.2621 0.2442 57 11747.19
0.2443 0.2458 0.2369 26 5590.48
0.248 0.2515 0.2449 27 12448.15
0.2479 0.2497 0.247 8 133.85
0.2512 0.2515 0.2506 14 6044.03
0.2495 0.2521 0.2469 7 202.37
0.2443 0.2488 0.2391 46 6355.03
0.2478 0.2492 0.245 36 13058.29
0.2464 0.2484 0.2425 39 1759.96
0.2522 0.2605 0.246 79 15562.33
0.2566 0.2581 0.2549 25 707.22
0.2542 0.2559 0.2525 3 70.43
0.2534 0.255 0.2526 24 577.48
0.258 0.2583 0.2575 29 1850.35
0.2548 0.2575 0.2526 28 7280.27
0.2531 0.26 0.2487 23 1108.3
0.2466 0.2486 0.2444 26 2070.49
0.2414 0.2457 0.238 22 1251.63
0.2405 0.2489 0.238 68 20850.09
0.2351 0.2387 0.2307 12 252.73
0.2367 0.2408 0.2325 31 2085.11
0.2256 0.2361 0.2179 37 1226.43
0.2235 0.227 0.22 59 23666.29
0.2287 0.2335 0.2272 36 9375.49
0.2288 0.2362 0.2226 31 3047.34
0.2221 0.2227 0.2193 28 1850.27
0.2261 0.2306 0.2227 21 5309.06
0.2254 0.2286 0.2221 31 2574.28
0.2244 0.2297 0.22 49 18328.19
0.2333 0.2376 0.228 46 38166.19
0.2337 0.237 0.231 23 5388.52
0.2321 0.2333 0.2298 34 7807.78
0.2301 0.2303 0.2299 27 12832.1
0.2247 0.226 0.2232 28 476.75
0.2226 0.2288 0.218 47 11137.16
0.2305 0.2338 0.226 60 39142.97
0.2268 0.2275 0.2257 17 2358.56
0.2322 0.2455 0.226 86 64922.17
0.2387 0.2415 0.235 12 342.45
0.2363 0.237 0.2355 13 7565.83
0.2383 0.2439 0.2329 53 13331.87
0.2414 0.2415 0.2414 6 33.79
0.235 0.2378 0.2321 40 6104.79
0.2337 0.2349 0.2327 25 1502.98
0.2299 0.2349 0.2252 60 45859.38
0.2367 0.2416 0.233 43 8348.77
0.241 0.2445 0.2386 47 7809.5
0.239 0.2428 0.2368 37 5794.55
0.2382 0.2392 0.2369 35 4866.54
0.2395 0.2419 0.237 43 7177.62
0.2391 0.2404 0.2373 37 2219.12
0.2348 0.2375 0.2299 26 10691.84
0.2316 0.2343 0.227 37 63057.647
0.2304 0.2333 0.2269 24 5756.51
0.2292 0.2317 0.2272 30 818.26
0.2299 0.2325 0.226 40 3442.95
0.2291 0.2326 0.2249 54 6993.2
0.2291 0.2296 0.2285 49 29988.84
0.2315 0.2335 0.2295 62 9698.47
0.2317 0.2322 0.2309 25 4103.36
0.2345 0.2348 0.2342 43 41809.22
0.2335 0.2343 0.233 35 62158.93
0.2333 0.2345 0.2327 25 12246.65
0.2323 0.2331 0.2309 42 20328.25
0.2313 0.2333 0.23 30 15945.23
0.2315 0.2331 0.2301 44 22791.22
0.2335 0.24 0.2328 33 16352.28
0.2328 0.2335 0.2318 5 364.23
0.2302 0.235 0.2275 15 1519.93
0.2254 0.23 0.2228 30 1659.37
0.2234 0.225 0.2224 28 18292.94
0.2255 0.2286 0.2235 42 14464.47
0.2257 0.227 0.223 23 3130.12
0.2198 0.2228 0.2151 21 21109.31
0.2204 0.2215 0.218 27 24091.54
0.2198 0.2209 0.219 17 1549.71
0.2197 0.222 0.2178 48 23848.27
0.2211 0.2244 0.2176 44 15353.13
0.2245 0.2254 0.2229 42 3836.49
0.2256 0.2264 0.2253 45 4258.56
0.223 0.2255 0.2221 27 22668.93
0.2225 0.2245 0.222 29 15166.92
0.227 0.2287 0.2225 66 17340.38
0.2293 0.2319 0.2273 48 20040.94
0.2354 0.2426 0.2309 115 49383.11
0.2458 0.253 0.2389 125 53115.17
0.2479 0.2509 0.2463 50 2047.83
0.246 0.2493 0.2408 37 25948.55
0.2413 0.2442 0.2364 32 35299.01
0.2407 0.241 0.2402 10 10595.77
0.2439 0.2463 0.2418 49 26916.08
0.2433 0.2465 0.2425 29 4136.16
0.2422 0.2433 0.2408 36 1975.9
0.2383 0.2398 0.2372 35 24443.3
0.2385 0.2404 0.2365 38 20971.44
0.2443 0.2486 0.2413 46 9001.92
0.2458 0.2485 0.2432 37 28318.27
0.2492 0.2514 0.2457 57 4192.92
0.2563 0.2644 0.249 73 55781.76
0.2586 0.2658 0.2509 41 43333.28
0.2517 0.2548 0.25 61 14616.56
0.2491 0.2507 0.2473 30 959.83
0.2533 0.2631 0.2506 38 2405.48
0.2576 0.2667 0.25 56 13227.84
0.2674 0.2702 0.2643 72 28463.15
0.2647 0.2688 0.2625 39 5047.54
0.2646 0.2701 0.262 34 17558.87
0.2711 0.2741 0.2689 37 19293.45
0.2793 0.2863 0.267 109 106078.9
0.2863 0.291 0.2848 29 16412.98
0.2942 0.3062 0.2863 56 24823.43
0.2867 0.3074 0.2785 45 23410.1
0.284 0.287 0.282 42 18295
0.2836 0.2849 0.2815 40 18330.09
0.2767 0.2829 0.2696 23 3393.73
0.2698 0.2724 0.2564 23 7907.94
0.2719 0.2757 0.2653 20 3176.14
0.2692 0.2727 0.2651 26 3594.22
0.2695 0.271 0.2678 23 16972.58
0.273 0.2756 0.271 30 8476.44
0.27 0.2721 0.2695 26 10780.43
0.2699 0.2725 0.269 41 21403.58
0.2741 0.2757 0.271 50 16245.02
0.2794 0.2826 0.2756 31 5209.12
0.2799 0.282 0.2788 42 40918.96
0.2809 0.2828 0.279 43 23508.97
0.2903 0.3333 0.2838 40 20340.82
0.2833 0.2904 0.2799 33 17064.43
0.2831 0.2906 0.2811 25 5709.69
0.2794 0.2819 0.2752 10 1257.29
0.2779 0.2808 0.2754 21 3701.11
0.2759 0.2761 0.2753 34 4999.14
0.2796 0.2821 0.2777 35 14048.14
0.2782 0.2803 0.2702 35 20978.86
0.2761 0.279 0.273 22 14783.7
0.2705 0.2765 0.2681 25 4938.89
0.2704 0.2712 0.2694 27 2615.25
0.2676 0.2737 0.26 37 4551.99
0.2585 0.2615 0.2557 35 18256.11
0.2587 0.2625 0.2531 48 5277.43
0.2603 0.2618 0.2551 48 62137.56
0.2647 0.2666 0.2629 28 20550.23
0.2604 0.2639 0.2589 33 55309.37
0.2586 0.259 0.2582 37 6610.21
0.2571 0.259 0.256 38 39848.81
0.254 0.259 0.2527 41 4642.15
0.2531 0.2542 0.2503 53 14389.29
0.2515 0.2541 0.2496 36 52300.73
0.2292 0.2363 0.2255 125 5366.76
0.2264 0.2324 0.215 94 121527.51
0.2284 0.2315 0.2264 28 3918.34
0.2298 0.2549 0.223 92 147325.15
0.2276 0.2311 0.225 59 10408.55
0.2196 0.2259 0.2109 103 25233.76
0.209 0.2197 0.2022 173 18524.4
0.2219 0.2283 0.2189 62 17350.46
0.2214 0.224 0.215 35 2717.38
0.2225 0.2272 0.221 63 30092.8
0.2254 0.2283 0.2222 29 5368.46
0.2219 0.2247 0.2199 33 4088.53
0.2238 0.2247 0.2218 50 13976.35
0.2237 0.2259 0.2225 55 29456.22
0.2211 0.2229 0.219 52 23246.41
0.2201 0.2246 0.2185 63 7230.97
0.2223 0.227 0.2193 63 58645.1
0.2253 0.2299 0.223 41 12565.71
0.2329 0.2365 0.2271 30 11834.56
0.2357 0.238 0.234 78 18468.59
0.24 0.2489 0.236 85 49134.79
0.2411 0.2499 0.2377 40 22888.52
0.24 0.2449 0.2375 24 7689.36
0.2389 0.2405 0.2376 23 2734.38
0.2381 0.24 0.2373 24 1294.01
0.2359 0.2396 0.2349 44 7654.43
0.2299 0.2375 0.2251 54 32376.85
0.233 0.2382 0.2317 52 4390.17
0.2261 0.2341 0.223 39 8231.75
0.2243 0.2284 0.2222 68 32692.1
0.2299 0.2337 0.2272 80 29032.7
0.2294 0.23 0.2278 29 6971.33
0.2288 0.2299 0.2284 11 1791.56
0.2272 0.2304 0.2231 36 50475.32
0.2272 0.2294 0.2251 60 9743.55
0.2277 0.2314 0.225 70 7820.86
0.2291 0.2338 0.225 44 40865.3
0.2327 0.2354 0.2272 44 2973.54
0.2339 0.2349 0.2324 11 1726.87
0.2337 0.2351 0.2325 30 20182.82
0.2355 0.2374 0.2297 65 38634.41
0.2364 0.238 0.2352 44 13192.48
0.2354 0.2358 0.2344 26 9776.53
0.234 0.2347 0.233 39 8498.55
0.2365 0.2389 0.234 59 9397.33
0.2366 0.238 0.235 25 9248.77
0.2396 0.2406 0.2381 34 11966
0.2387 0.2402 0.2371 31 8522.99
0.2434 0.2482 0.2392 96 57540.25
0.2487 0.2497 0.2478 28 3371.78
0.2465 0.2489 0.2446 35 8120.73
0.2438 0.2451 0.243 39 18147.77
0.2454 0.2455 0.2454 20 11453.16
0.2465 0.2498 0.245 43 32448.06
0.2543 0.2701 0.2476 54 17959.81
0.2486 0.2524 0.2433 66 9849.92
0.2526 0.2566 0.2482 50 15292
0.2516 0.2539 0.2492 50 5322.02
0.2609 0.2716 0.2538 102 30312.02
0.2705 0.2736 0.2661 65 37223.56
0.2678 0.2695 0.2644 12 10559.54
0.2644 0.268 0.2632 81 34333.44
0.2668 0.2687 0.2648 68 54259.25
0.2637 0.2675 0.2593 84 144096.43
0.2734 0.2763 0.2688 100 65553.58
0.277 0.2799 0.2742 70 29901.07
0.2821 0.2845 0.2777 47 15854.64
0.2891 0.2968 0.2835 50 39565.32
0.2865 0.2883 0.2836 41 27898.18
0.2916 0.2994 0.2863 101 102219.87
0.3011 0.3066 0.2974 100 57284.63
0.3095 0.3197 0.3021 92 68323.62
0.3249 0.339 0.315 136 41596.8
0.3227 0.328 0.3137 59 56687.57
0.314 0.3177 0.3094 77 57359.62
0.327 0.3359 0.3204 224 130926.85
0.3646 0.3994 0.3345 314 75245.63
0.4285 0.4832 0.388 269 93460.42
0.3964 0.4379 0.365 185 95797.65
0.3764 0.4048 0.349 101 29958.26
0.3838 0.3962 0.3718 47 17899
0.3874 0.3901 0.3848 54 26339.08
0.374 0.3863 0.3529 107 27920.84
0.3653 0.3796 0.3501 77 24358.57
0.3144 0.3513 0.2992 107 23097.2
0.318 0.3378 0.3035 98 84821.32
0.3268 0.3346 0.317 52 43528.11
0.3254 0.3282 0.3194 52 14700.1
0.3255 0.3324 0.3198 39 24164.49
0.3169 0.3238 0.3148 85 35644.88
0.3295 0.3376 0.3249 92 41150.25
0.3299 0.33 0.3296 16 4052.99
0.3309 0.337 0.3266 44 38019.3
0.3249 0.3324 0.3212 65 9382.69
0.3235 0.3257 0.3195 22 1084.41
0.3237 0.3264 0.319 26 7204.91
0.3192 0.3252 0.3123 50 40749.86
0.319 0.3229 0.3091 25 24331.22
0.3196 0.3246 0.3149 80 53325.27
0.3332 0.3564 0.3133 187 77777.87
0.3496 0.3561 0.3434 88 72711.06
0.3476 0.351 0.3243 41 62314.63
0.3539 0.361 0.344 96 35846.65
0.3706 0.3791 0.3629 75 20805.57
0.3623 0.3742 0.3461 97 69746.79
0.3528 0.3578 0.3486 75 28739.77
0.3521 0.3639 0.3254 98 27352.04
0.3522 0.3583 0.3484 85 72983.57
0.3688 0.3755 0.3599 101 42507.18
0.3876 0.3989 0.3711 132 75219.4
0.3918 0.3959 0.385 94 88622.39
0.3874 0.3958 0.3846 106 40309.24
0.4133 0.4195 0.3989 128 65750.94
0.4123 0.4148 0.41 71 26210.65
0.4271 0.4494 0.4128 168 87379.29
0.4361 0.4592 0.4255 91 14638.22
0.4303 0.4443 0.4219 61 34821.28
0.4388 0.4476 0.422 97 33161.22
0.4526 0.4587 0.4427 89 50981.8
0.4548 0.4577 0.4518 89 100544.33
0.4522 0.4591 0.4484 67 45715.74
0.4596 0.4627 0.4514 81 45157.25
0.4617 0.4646 0.4592 62 23132.17
0.4551 0.4618 0.4403 40 8914.31
0.4397 0.4448 0.4347 76 23533.84
0.4397 0.4424 0.4379 48 15553.83
0.4432 0.4485 0.4368 68 64392.28
0.4528 0.4655 0.4449 87 83345.21
0.4494 0.4608 0.4413 49 9199.64
0.4345 0.4544 0.4218 40 5695.04
0.4245 0.428 0.4207 40 4393.28
0.4273 0.4304 0.4189 31 14535.46
0.424 0.4282 0.4045 37 11005.71
0.4281 0.4328 0.4237 28 2298.65
0.428 0.4326 0.421 46 10868.26
