0.4328 0.4334 0.4325 9 1360.57
0.4336 0.4341 0.4327 22 1958.24
0.433 0.4342 0.4317 24 9719.06
0.4323 0.4339 0.4313 46 14148.39
0.4371 0.4398 0.4357 42 11380.32
0.4385 0.44 0.4356 29 3700.23
0.4493 0.4577 0.4383 98 58854.23
0.4553 0.4596 0.4504 53 21325.41
0.4509 0.46 0.444 37 2567.77
0.4461 0.4498 0.442 12 2337.2
0.4452 0.4466 0.442 66 25734.35
0.4492 0.4559 0.4464 66 26423.23
0.4393 0.4547 0.4343 41 42813.69
0.4341 0.4428 0.43 55 19629.73
0.4147 0.4356 0.4006 82 3958.02
0.3697 0.3835 0.3596 109 12347.45
0.3881 0.392 0.385 67 8708.67
0.3838 0.3865 0.3779 80 32505.52
0.3855 0.3871 0.3837 60 6857.57
0.3955 0.4152 0.3815 108 53692.64
0.4117 0.417 0.4058 69 52521.05
0.4 0.41 0.3846 51 5902.6
0.3884 0.3908 0.3813 57 2292.73
0.395 0.4 0.388 75 18693.86
0.399 0.401 0.3952 59 15294.92
0.3961 0.3991 0.3904 60 3072.39
0.3944 0.396 0.3936 22 5928.73
0.3864 0.3941 0.3772 84 41939.15
0.3788 0.3859 0.37 84 89714.78
0.3794 0.3802 0.3787 50 25147.72
0.3793 0.3817 0.3782 39 18326.74
0.3743 0.3844 0.37 68 9146.83
0.3721 0.375 0.37 60 46773.31
0.3744 0.3772 0.3721 52 5095.79
0.3777 0.3878 0.3704 96 42063.93
0.386 0.3875 0.3818 48 53974.75
0.3758 0.3842 0.3571 24 9223.55
0.3785 0.38 0.3759 55 38766.51
0.3771 0.3822 0.375 37 1863.98
0.3736 0.375 0.3713 63 56742.11
0.38 0.3868 0.3738 74 34536.1
0.3815 0.3838 0.3802 56 20758.24
0.3805 0.3827 0.377 54 82691.61
0.3841 0.3892 0.3811 65 25202.61
0.3955 0.399 0.3892 53 16502.62
0.4052 0.41 0.4009 89 21408.45
0.4027 0.4068 0.3998 55 72064.02
0.4141 0.4212 0.4059 111 52146.45
0.4209 0.4249 0.416 56 19416.09
0.4195 0.4243 0.4167 61 20858.74
0.4247 0.4353 0.4174 92 58672.32
0.4375 0.4435 0.4303 62 24400.79
0.4361 0.4481 0.4341 55 6348.16
0.4293 0.4383 0.4209 41 466.16
0.4223 0.428 0.4175 56 6695.01
0.426 0.4297 0.424 86 8429.6
0.4278 0.429 0.4254 44 4123.85
0.4323 0.4343 0.428 66 17513.65
0.4305 0.434 0.429 30 5758.94
0.4323 0.4348 0.4273 99 92187.15
0.4344 0.4429 0.4309 77 27211.35
0.4315 0.4359 0.4268 70 6389.36
0.4235 0.4271 0.4178 51 11951.08
0.4198 0.422 0.4178 66 39015.83
0.4108 0.42 0.4039 61 10949.96
0.4099 0.4173 0.406 74 16639.76
0.4128 0.4156 0.4099 41 1039.87
0.4132 0.4145 0.411 48 7120.74
0.412 0.4142 0.4096 67 10574.28
0.4116 0.4145 0.4089 61 50042.65
0.4155 0.4183 0.4112 69 17678.14
0.4135 0.416 0.4114 31 8381.32
0.4089 0.4118 0.4074 57 12395.93
0.4095 0.4107 0.4079 56 16747.5
0.4104 0.4128 0.4085 59 21607.57
0.4107 0.4127 0.402 94 19778.11
0.4123 0.4149 0.4108 69 17984.85
0.4111 0.4145 0.404 43 4124.11
0.4075 0.4098 0.404 54 22671.99
0.4068 0.409 0.404 50 20132.32
0.4073 0.4089 0.406 72 53747.62
0.4102 0.4149 0.407 78 19548.01
0.4114 0.4125 0.4105 68 7649.05
0.4109 0.412 0.41 52 10432.22
0.4123 0.4149 0.411 80 19428.07
0.4143 0.4157 0.4132 43 5485.95
0.4174 0.422 0.413 103 26954.22
0.4235 0.4253 0.4217 42 3091.46
0.4196 0.4237 0.4151 49 5956.37
0.4125 0.417 0.408 65 27054.18
0.4173 0.4206 0.4156 67 24656.99
0.4162 0.4201 0.4139 61 20439.14
0.418 0.4202 0.4169 55 12081.64
0.4216 0.4227 0.4213 27 2719.4
0.4216 0.4229 0.4195 44 5058.59
0.4219 0.4231 0.4198 86 75711.08
0.4229 0.4237 0.422 43 11953.98
0.4222 0.4232 0.4215 48 9408.01
0.4247 0.4274 0.4219 64 29355.08
0.423 0.426 0.4216 31 11010.33
0.4219 0.4279 0.4196 42 22788.67
0.4276 0.429 0.4255 41 2992.51
0.429 0.431 0.426 68 8657.63
0.424 0.4318 0.4205 53 10032.64
0.4224 0.4241 0.4213 38 3901.68
0.4256 0.4282 0.422 81 39921.75
0.4284 0.4307 0.4278 50 49363.15
0.4285 0.4308 0.4271 34 3783.16
0.4276 0.4284 0.4268 60 18176.78
0.4287 0.4338 0.4275 50 42784.94
0.4348 0.4383 0.431 79 59108.08
0.4376 0.4437 0.432 78 20713.29
0.4415 0.4488 0.4386 29 6420.93
0.4433 0.4489 0.44 45 14769.12
0.449 0.4544 0.4432 88 88341.48
0.4567 0.4598 0.4514 84 7415.48
0.4611 0.4639 0.4589 79 68173.71
0.4624 0.4673 0.4537 60 23059.68
0.4445 0.448 0.441 53 8374.66
0.4508 0.4579 0.441 70 6274.23
0.4536 0.4572 0.4425 18 1170.54
0.4514 0.4519 0.4507 10 911.53
0.45 0.452 0.4478 27 5713.21
0.4496 0.4511 0.4477 40 10644.88
0.4513 0.4656 0.4464 108 71203.83
0.4545 0.4587 0.4532 44 10555.32
0.4578 0.4692 0.45 82 23690.46
0.4633 0.4687 0.4573 41 2635.66
0.4598 0.4629 0.4568 34 2202.29
0.4613 0.4626 0.4593 40 14432.36
0.461 0.4674 0.454 26 11593.14
0.457 0.4594 0.454 45 9234.54
0.4577 0.4611 0.4568 61 35236.31
0.4651 0.4691 0.461 95 34558.3
0.468 0.4759 0.4643 50 12402.22
0.4694 0.4729 0.4675 22 9233.4
0.4681 0.472 0.4656 49 2284.49
0.4644 0.4694 0.4588 36 2968.34
0.4665 0.4713 0.4609 75 19374.34
0.4648 0.4732 0.4605 67 23393.22
0.46 0.4663 0.4451 47 6160.13
0.4538 0.4545 0.4527 13 6729.83
0.4531 0.455 0.4491 33 7731.12
0.4525 0.4554 0.4501 47 12074.44
0.4574 0.4605 0.455 46 19031.62
0.4698 0.4896 0.4577 74 39550.81
0.4663 0.4705 0.46 45 3887.77
0.4868 0.4999 0.4647 139 68159
0.5077 0.5249 0.489 98 105340.98
0.5503 0.6666 0.5338 120 62197.07
0.5492 0.5555 0.5463 72 50628.42
0.5514 0.5588 0.5487 87 92149.29
0.5439 0.5529 0.5314 84 48908.49
0.5514 0.5599 0.5475 70 41069.49
0.56 0.5893 0.5496 117 168187.22
0.5863 0.589 0.5813 73 67330.32
0.5883 0.59 0.581 33 11093.87
0.5895 0.593 0.5866 73 39911.67
0.5965 0.602 0.5893 73 21908.37
0.5905 0.5952 0.58 56 111701.95
0.5877 0.59 0.582 63 16508.43
0.5822 0.5885 0.5752 45 10487.24
0.583 0.5908 0.5772 42 93051.87
0.6365 0.6626 0.588 176 231034.18
0.697 0.7152 0.6698 165 78447.91
0.7003 0.7172 0.6849 75 16439.94
0.6926 0.7131 0.672 69 39915.88
0.7361 0.7689 0.7042 157 83993.49
0.7634 0.7898 0.7457 88 27257.83
0.769 0.7795 0.7575 64 8107.73
0.7716 0.7776 0.7675 47 5727.09
0.7706 0.7873 0.747 76 21176.9
0.7077 0.7498 0.6645 115 33232.25
0.6881 0.8 0.6536 68 4203.43
0.6196 0.6569 0.5978 98 25697.5
0.6714 0.7003 0.6437 104 12529.96
0.679 0.6805 0.6728 42 12124.67
0.6662 0.6839 0.648 23 1785.77
0.66 0.6711 0.6504 54 8253.46
0.6601 0.6798 0.6328 43 14130.97
0.6592 0.6714 0.6545 44 6502.05
0.6716 0.7138 0.626 102 29915.74
0.6949 0.7123 0.689 66 31373.25
0.7027 0.7145 0.6896 54 19367.04
0.7031 0.7147 0.6919 21 2957.59
0.6865 0.6905 0.6807 42 6433.98
0.6864 0.6944 0.6831 53 12777.94
0.6879 0.693 0.682 53 11668.65
0.662 0.6888 0.6398 41 2017.79
0.6696 0.6862 0.6481 75 20076.62
0.6839 0.6998 0.6599 70 26697.04
0.6704 0.6834 0.6661 47 17389.86
0.6738 0.6918 0.6513 40 20933.58
0.6769 0.6939 0.6599 78 38824.89
0.6883 0.6936 0.6844 39 13638.93
0.6782 0.6864 0.6691 35 18423.77
0.6721 0.6847 0.6655 41 28594.3
0.6728 0.684 0.6622 29 5509.85
0.6807 0.686 0.6709 50 32483.86
0.6847 0.6896 0.6795 40 26502.14
0.6836 0.6885 0.6808 64 49172.35
0.6888 0.6989 0.6756 52 9670.58
0.6922 0.6983 0.6875 47 22269.03
0.6843 0.6988 0.6752 64 14618.81
0.6769 0.6837 0.67 12 12813.55
0.6765 0.6866 0.6722 45 8311.55
0.6799 0.69 0.674 33 18292.14
0.6752 0.6795 0.6686 63 34046.54
0.6738 0.6847 0.6619 51 44379.31
0.6726 0.6776 0.657 32 17681.95
0.6697 0.673 0.664 60 31881.09
0.6735 0.6791 0.6684 49 19850.28
0.6529 0.6782 0.6306 35 5365.96
0.6427 0.65 0.6383 64 15774.01
0.6188 0.6338 0.5879 45 6826.47
0.5715 0.587 0.5592 135 139641.11
0.5946 0.5998 0.5881 61 29761.58
0.5908 0.6019 0.5869 44 12119.36
0.589 0.5927 0.5851 35 8066.75
0.5964 0.6024 0.5881 27 5915.53
0.5967 0.6025 0.574 40 26095.97
0.5914 0.6 0.5748 68 39054.08
0.5928 0.6069 0.5746 75 157999.67
0.5975 0.6022 0.5885 48 62418.55
0.5862 0.5965 0.5837 38 27882.14
0.5918 0.6024 0.5847 19 46294.05
0.5918 0.5963 0.581 36 9521.88
0.5715 0.5785 0.5639 63 82989.5
0.5759 0.5879 0.5711 76 13083.25
0.5859 0.5887 0.5829 58 14722.45
0.5817 0.5839 0.575 35 14976.18
0.5815 0.5836 0.5779 37 13219.79
0.581 0.5837 0.5799 34 10981.73
0.5864 0.5907 0.5826 35 5415.61
0.5862 0.5949 0.58 55 24135.37
0.5924 0.5968 0.5884 70 25644.92
0.585 0.5864 0.5838 41 15422.89
0.5864 0.5883 0.5817 57 48518.76
0.5889 0.5897 0.5859 48 15072.5
0.5888 0.5951 0.586 35 16332.2
0.5819 0.5872 0.5663 11 3060.59
0.5831 0.5899 0.58 47 25067.51
0.5834 0.5902 0.575 55 33807.65
0.5842 0.5894 0.573 50 19101.75
0.5824 0.5846 0.5785 40 13196.01
0.5807 0.5844 0.5784 41 12938.46
0.5829 0.5952 0.5806 69 110982.81
0.6088 0.614 0.597 62 15677.76
0.6064 0.6171 0.599 53 34657.55
0.6057 0.6111 0.6 51 40947.24
0.6099 0.6151 0.608 58 46521.66
0.6278 0.6329 0.6187 78 159531.65
0.6287 0.63 0.6259 33 7259.5
0.6241 0.63 0.6 34 29603.67
0.6258 0.6297 0.6187 36 67760.73
0.6189 0.6252 0.6115 36 10958.21
0.608 0.625 0.5982 81 119198.58
0.6058 0.61 0.6027 55 40337.17
0.603 0.6094 0.5912 63 61316.04
0.6011 0.6053 0.597 38 106514.07
0.5999 0.6037 0.595 36 15335.28
0.6032 0.6069 0.5985 48 49206.39
0.6043 0.6091 0.6007 78 142449.83
0.6059 0.6094 0.603 55 36048.12
0.6039 0.6056 0.6016 81 90006.44
0.5975 0.6016 0.5942 60 52615.34
0.598 0.6025 0.596 46 24398.29
0.5973 0.6025 0.5927 54 118891.49
0.6044 0.6121 0.6014 55 21157.14
0.6033 0.6052 0.5999 41 6369.96
0.6049 0.6059 0.6035 14 5678.8
0.6036 0.6071 0.5977 45 45831.75
0.6013 0.6049 0.598 100 93075.54
0.6072 0.6114 0.6008 79 66308.1
0.6107 0.6124 0.606 33 5210.94
0.6128 0.6133 0.6122 28 7121.63
0.6125 0.6198 0.6044 67 37970.22
0.6073 0.6118 0.6059 102 66452.39
0.608 0.6128 0.6061 65 115347.09
0.6105 0.6144 0.6078 40 37318.32
0.6106 0.6182 0.6042 47 132937.31
0.6133 0.6162 0.606 39 56470.66
0.6135 0.6191 0.6099 32 18881.53
0.6133 0.6149 0.6128 65 30281.75
0.6352 0.6678 0.6181 151 186125.21
0.6502 0.6614 0.64 47 16722.9
0.6462 0.6567 0.6374 86 51538.24
0.645 0.6479 0.6329 35 6393.49
0.6449 0.6456 0.6445 21 42215.47
0.6476 0.66 0.6447 36 56649.8
0.6484 0.6614 0.6462 41 47658.41
0.6472 0.6566 0.6439 39 10655.12
0.6395 0.6445 0.6293 58 10010.53
0.6399 0.6446 0.6367 49 19558.11
0.6416 0.6488 0.6346 43 27843.07
0.6507 0.6658 0.6426 61 35445.14
0.668 0.6699 0.6649 21 3496.93
0.661 0.6717 0.6553 41 7702.22
0.6679 0.6722 0.6645 56 7962.14
0.6787 0.695 0.6708 77 43864.5
0.6979 0.6998 0.6955 70 25543.49
0.699 0.7187 0.6956 69 14352.44
0.7128 0.7275 0.6976 78 49371.47
0.7214 0.7305 0.7024 29 5040.67
0.7169 0.7369 0.6999 38 23644.86
0.7297 0.7451 0.7107 81 129428.39
0.7372 0.7423 0.7347 54 26832.95
0.7387 0.7532 0.7035 86 99731.35
0.7191 0.7259 0.7104 44 26037.32
0.7092 0.7185 0.6678 56 9774.98
0.7179 0.7211 0.7114 28 4515.84
0.7175 0.7209 0.7142 53 6437.78
0.7187 0.7272 0.7119 64 17464.72
0.7412 0.764 0.7226 90 115816.08
0.7321 0.7376 0.7262 46 15204.8
0.7259 0.7294 0.7148 69 13550.93
0.7258 0.7353 0.7165 42 22197.34
0.7116 0.7194 0.6997 58 13408.62
0.7325 0.7465 0.7158 101 56870.94
0.733 0.7393 0.72 75 16891.59
0.7424 0.7743 0.7272 77 50307.88
0.7613 0.7723 0.7462 90 12548.64
0.7533 0.7608 0.7336 49 30743.05
0.7576 0.7602 0.7552 46 10412.54
0.75 0.7581 0.7419 36 16728.67
0.7458 0.7565 0.7218 84 64187.87
0.7564 0.77 0.7405 86 58313.89
0.7594 0.7631 0.757 51 6539.16
0.749 0.76 0.743 60 27033.63
0.7492 0.756 0.7353 60 72009.55
0.7483 0.754 0.7182 49 7363.41
0.7536 0.7583 0.7397 49 7285.06
0.754 0.7604 0.742 70 17459.48
0.751 0.7565 0.7291 39 1953.02
0.7542 0.758 0.7408 73 32673.62
0.7586 0.7621 0.7567 69 26248.37
0.7769 0.8023 0.7587 123 108170.19
0.7852 0.8333 0.7696 40 11609.66
0.7825 0.7864 0.7799 43 6655.88
0.7774 0.784 0.7692 52 5849.02
0.7779 0.7856 0.7699 86 17184.33
0.7756 0.7788 0.772 62 4909.01
0.7765 0.7819 0.7684 81 28711.46
0.7804 0.7843 0.7634 70 47448.74
0.7882 0.7908 0.7848 36 27542.87
0.7843 0.7873 0.7805 24 13188.21
0.7916 0.7996 0.7812 98 30539.84
0.7896 0.796 0.7868 87 53777.78
0.7875 0.7941 0.7845 75 31985.57
0.7888 0.7913 0.7858 61 6267.1
0.7899 0.7974 0.7879 82 45315.37
0.8011 0.81 0.7983 50 104807.08
0.8039 0.8102 0.7995 55 11381.61
0.8126 0.8165 0.8109 73 7060.77
0.8057 0.813 0.7949 77 17348.18
0.8232 0.8471 0.8031 135 169242.51
0.8578 0.8719 0.8376 142 158403.34
0.8951 0.9113 0.8725 120 107527.78
0.912 0.9299 0.8998 77 20977.82
0.8806 0.9064 0.8638 80 18986.31
0.9033 0.9081 0.8993 79 16003.04
0.9135 0.9307 0.8919 137 332201.83
0.9421 0.9597 0.9285 129 104143.97
0.964 0.9803 0.9284 122 109649.75
0.9557 0.9672 0.948 108 36348.11
0.958 0.9644 0.9553 55 6847.07
