0.9705 0.9959 0.956 84 127995.48
1.0191 1.029 1.0027 134 214623.59
1.0139 1.018 1.0033 97 87944.01
1.0638 1.1096 1.0172 207 351246.62
1.0615 1.12 0.9625 174 129270.76
0.9216 1.0007 0.8331 145 204791.61
0.8616 0.8904 0.8048 126 35551.03
0.8877 0.8988 0.8737 121 112887.82
0.8838 0.9078 0.8545 66 14303.34
0.895 0.8992 0.8869 94 43096.63
0.8514 0.909 0.7639 186 58688.8
0.7927 0.8266 0.7645 178 12698.29
0.8178 0.829 0.7976 122 58300.49
0.8247 0.8348 0.8194 69 26303.49
0.8251 0.8474 0.8194 86 1938.39
0.8229 0.828 0.8158 48 7019.32
0.863 0.9041 0.8205 188 120700.26
0.8903 0.9065 0.8775 80 30504.64
0.8861 0.903 0.854 103 60708.49
0.9001 0.9045 0.8946 65 21274.48
0.9128 0.9304 0.8994 112 96224.18
0.9213 0.94 0.9051 82 5220.42
0.919 0.923 0.9162 78 10910.95
0.9188 0.9263 0.9166 100 30193.73
0.9112 0.9216 0.8996 70 10759.87
0.9092 0.9206 0.9019 97 11489.18
0.9178 0.9209 0.9129 91 5563.85
0.9174 0.9209 0.912 64 11032.16
0.917 0.9193 0.9128 53 9604.33
0.9184 0.9191 0.918 78 14824.31
0.925 0.9393 0.9171 90 125183.27
0.9601 0.9703 0.9452 138 68249.18
0.9799 0.99 0.9638 131 23527.07
0.9917 0.998 0.9821 112 44568.54
0.9932 1.0046 0.963 135 129378.92
1.0036 1.0162 0.9829 100 57829.45
1.0039 1.0124 0.995 142 68652.36
1.016 1.0275 1.0047 114 60597.05
1.0218 1.0429 1 111 46293.94
0.9932 1.0328 0.9205 131 119170.23
0.9477 0.965 0.9371 174 191908.7
0.9768 0.9891 0.8928 99 41331.81
0.9924 0.9948 0.99 41 7165.53
0.9985 1.0101 0.9898 93 17784.55
0.995 1.0078 0.9908 97 48374.6
1.0064 1.0118 0.9999 90 31386.31
1.0137 1.0206 1.0022 116 21460.72
1.0356 1.0477 0.9944 132 27220.6
1.0465 1.0529 1.0333 90 48883.04
1.052 1.0602 1.0375 69 105606.94
1.0519 1.0596 1.02 116 7822.74
1.0713 1.0889 1.0574 150 206653.34
1.0776 1.085 1.0729 144 247971.85
1.1001 1.1078 1.0895 158 177068.38
1.1333 1.1473 1.0846 175 117697.89
1.1296 1.1415 1.1109 74 37525.76
1.1278 1.1475 1.1 157 105456.5
1.1458 1.1566 1.1359 135 76315.89
1.1594 1.1689 1.13 126 52697.36
1.1663 1.1882 1.1123 101 106597.09
1.1988 1.2348 1.1664 182 119450.27
1.2601 1.2966 1.2309 182 79117.11
1.266 1.2844 1.244 87 8095.33
1.2632 1.2704 1.2532 134 37775.17
1.2539 1.2655 1.194 77 18399.46
1.245 1.26 1.2215 135 41383.67
1.2114 1.2493 1.1743 96 17421.72
1.1749 1.2042 1.1521 118 69402.97
1.2196 1.2528 1.1986 174 102341.01
1.1814 1.2307 1.1368 111 44765.52
1.2036 1.2327 1.1621 177 19576.81
1.2462 1.2701 1.2291 108 67562.13
1.2479 1.2796 1.1741 83 8059.23
1.2641 1.274 1.256 78 167936.69
1.2504 1.2739 1.1986 89 23368.64
1.1919 1.2402 1.1569 147 15310.07
1.1045 1.172 1.0204 160 15194.84
1.052 1.1138 1.0143 183 48048.44
1.1018 1.12 1.0644 169 22233.29
1.1195 1.1563 1.0754 102 55289.58
1.1177 1.1663 1.0888 142 145473.83
1.1023 1.1293 1.0702 152 11177.18
1.0749 1.1199 1.011 132 19456.45
1.005 1.0433 0.9257 136 17711.26
1.0209 1.0477 0.9995 139 101581.63
1.0373 1.0796 0.9574 142 38435.58
1.0745 1.0928 1.0591 104 40869.79
1.0619 1.0718 1.0457 103 14232.82
1.0567 1.0859 1.0451 91 9697.05
1.0585 1.0702 1.0363 126 99223.94
1.0843 1.0979 1.0443 134 69264.68
1.09 1.0974 1.0514 103 41948.02
1.1116 1.1475 1.09 154 121538.22
1.1468 1.1497 1.1368 157 199838.49
1.131 1.1485 1.1034 108 6830.42
1.145 1.167 1.1102 128 57552.26
1.1877 1.2025 1.1789 133 115961.5
1.1823 1.1951 1.15 88 11170.27
1.1793 1.1873 1.1523 91 22988.46
1.187 1.1897 1.1804 81 82748.81
1.1965 1.2 1.1889 109 97683.1
1.2101 1.2205 1.1999 97 56360.97
1.1875 1.2116 1.1607 71 10913.74
1.1831 1.1946 1.1671 80 49846.87
1.1884 1.1935 1.18 38 10044.81
1.1875 1.19 1.185 29 7311.95
1.1928 1.209 1.1851 89 25281.77
1.2088 1.2128 1.2057 71 29336.51
1.2123 1.2151 1.2091 122 170213.98
1.2203 1.2339 1.19 151 57478.63
1.2289 1.2346 1.2169 72 110713.38
1.2189 1.2359 1.1965 77 25428.13
1.2257 1.2297 1.2149 93 84246.84
1.235 1.2387 1.2261 83 103475
1.2429 1.2488 1.2346 89 176135.11
1.2534 1.2647 1.2488 143 148671.58
1.281 1.2993 1.2604 154 235786.18
1.2945 1.2999 1.2753 103 68463.7
1.2872 1.2972 1.2807 78 32755.78
1.2958 1.2988 1.2914 86 26721.63
1.3256 1.3856 1.2978 168 219983.1
1.403 1.4312 1.3831 131 72956.26
1.4135 1.4467 1.3968 131 182927.45
1.4689 1.54 1.4346 181 90624.55
1.4815 1.5029 1.4372 155 23735.7
1.4894 1.5 1.4755 87 13400.18
1.5106 1.5273 1.5044 134 127942.78
1.5612 1.5955 1.5098 199 379727.55
1.6672 1.712 1.6305 176 300889.18
1.707 1.7399 1.6875 100 56994.97
1.7821 1.8264 1.7298 229 258953.97
1.7688 1.8199 1.6815 159 62235.31
1.705 1.7357 1.6795 142 35425.77
1.7714 1.7905 1.7478 105 105328.05
1.751 1.7998 1.6989 133 48512.28
1.7368 1.784 1.7106 79 37359.38
1.8022 1.8518 1.7624 208 135854.82
1.8305 1.8502 1.8097 177 253376.97
1.908 1.95 1.8506 145 204534.88
1.9858 2.0299 1.91 185 128537.49
2.0676 2.0995 2.0189 201 94949.29
2.1528 2.2362 2.0464 324 474358.49
2.2067 2.2779 2.0844 258 144833.41
2.3348 2.4762 2.1905 372 595658.55
2.6274 2.8494 2.4588 532 497479.04
2.4632 2.6565 1.8682 252 147910.02
2.1313 2.3857 1.9626 255 129948.73
2.2267 2.3773 2.0803 187 146754.32
2.2775 2.3424 2.1891 205 211593.38
2.3494 2.4389 2.2061 210 141755.08
2.3018 2.35 2.2 187 111796.84
2.4369 2.4809 2.345 232 207245.19
2.4714 2.4875 2.4263 172 44824.02
2.5486 2.6266 2.4854 262 125249.95
2.5856 2.6257 2.5609 100 16369.9
2.6404 2.7457 2.5666 278 208085.55
2.7798 2.8352 2.7044 401 825044.82
2.8135 2.85 2.7703 106 25935.16
2.7548 2.7991 2.6882 233 286351.22
2.7963 2.8281 2.7796 216 352162.49
2.8506 2.887 2.8182 191 169795.13
2.8977 2.939 2.8556 208 113812.8
2.8615 2.981 2.678 253 45436.26
2.7949 2.8735 2.7383 218 86596.12
2.7231 2.8175 2.5783 196 204382.6
2.4969 2.6172 2.3933 309 101895.62
2.5884 2.7353 2.4748 243 126937.78
2.7192 2.7697 2.66 185 132202.86
2.6814 2.7716 2.6158 143 68734.16
2.6327 2.8333 2.5818 159 28723.95
2.6589 2.7548 2.617 251 496661.04
2.7255 2.7888 2.6712 142 55052.03
2.6969 2.7438 2.6437 164 305255.71
2.7433 2.7676 2.7105 174 82103.75
2.7415 2.7894 2.6301 184 281422.47
2.7131 2.7777 2.6916 87 13545.81
2.6117 2.6918 2.507 158 42646.67
2.5342 2.633 2.4345 180 60060
2.63 2.6915 2.5756 272 124593.55
2.6607 2.6959 2.6134 122 40972.71
2.6305 2.6869 2.5746 116 41616.19
2.5673 2.6315 2.4934 88 13739.58
2.5267 2.5771 2.499 106 25493.79
2.5991 2.6525 2.5302 113 35050.82
2.6297 2.6495 2.568 171 39877.67
2.6014 2.6332 2.56 153 218142.77
2.6018 2.6229 2.5815 123 16844.82
2.5822 2.61 2.5324 66 5000.01
2.5735 2.5919 2.5548 101 63587.12
2.5878 2.5947 2.5772 66 57356.67
2.5323 2.5874 2.4869 93 69876.71
2.4388 2.4698 2.4141 163 74051.49
2.4058 2.44 2.3598 184 40256.54
2.4504 2.6147 2.376 210 155130.87
2.3844 2.44 2.2787 96 9070.08
2.1915 2.2778 2.0952 158 43398.91
2.0291 2.1412 1.9324 123 30572.49
2.1311 2.2744 1.9828 241 53141.82
2.3264 2.4289 2.2208 249 176746.72
2.3929 2.444 2.3402 156 27809.35
2.5226 2.6861 2.3685 317 480071.72
2.7183 2.7957 2.5483 262 245373.24
2.7275 2.8004 2.642 167 171771.36
2.71 2.7756 2.6396 90 18862.96
2.7128 2.7407 2.6654 142 57486.76
2.7095 2.7965 2.6299 220 185250.87
2.5695 2.6742 2.4552 178 32530.93
2.5737 2.5989 2.528 180 121814.95
2.6971 2.7407 2.6016 194 298733.78
2.6845 2.7298 2.6104 116 38038.63
2.6515 2.7242 2.5699 134 93972.02
2.7449 2.7914 2.692 220 232215.88
2.7529 2.8157 2.6749 173 95201.11
2.7264 2.7654 2.695 106 18667.26
2.7618 2.8207 2.7327 178 56221.32
2.8153 2.8415 2.7967 141 42705.08
3.0572 3.2091 2.813 303 464825.62
3.1712 3.1948 3.1267 153 48215.18
3.236 3.2999 3.1845 218 365376.25
3.3365 3.3969 3.2652 267 301174.95
3.2977 3.399 3.2016 210 103710.8
3.3435 3.3796 3.27 158 68476.08
3.4264 3.4955 3.378 235 530772.7
3.6857 3.8195 3.5027 318 526345.89
3.9389 4.0991 3.7389 455 392970.17
4.1339 4.3065 3.9713 417 458697.41
4.1974 4.3387 3.8838 379 348643.47
4.1302 4.2991 3.9919 263 609811.39
4.3174 4.4282 4.2109 287 258813.12
4.2729 4.3365 4.0994 207 108319.03
4.0446 4.1368 3.9 272 157881.06
3.9348 3.9623 3.8529 256 108199.52
3.8791 3.9443 3.811 229 106013.75
3.7536 3.9595 3.5741 353 320095.67
3.9846 4.0942 3.8962 289 831705.35
4.0662 4.1973 3.9858 154 285782.03
4.248 4.3466 4.1299 266 100487
4.2355 4.2987 4.16 133 228286.76
4.2761 4.3187 4.2506 143 40760.6
4.2665 4.2992 4.2094 201 115351.53
4.3712 4.5404 4.27 287 349522.45
4.5628 4.6326 4.4409 252 314198.56
4.6418 4.7957 4.5358 314 246055.03
4.7999 4.8471 4.7456 288 348709.78
4.7839 4.9444 4.6068 252 143544.85
4.685 4.7847 4.5399 224 73622.58
4.5039 4.7003 4.2591 272 69458
4.4145 4.5489 4.2068 364 190700.38
4.6139 4.7043 4.5018 271 310529.23
4.6847 4.7457 4.6345 189 46693.56
4.6355 4.7753 4.4123 261 94355.04
4.5207 4.5999 4.4472 155 291583
4.4315 4.5299 4.333 210 186352.87
4.356 4.525 4.1556 269 355999.12
4.3421 4.496 4.2342 189 63898.02
4.0876 4.3478 3.8762 320 191051.5
3.7943 4.0336 3.4403 392 453176.82
3.5746 3.9845 3.1451 577 436598.01
3.8561 3.9668 3.7651 241 176393.67
3.7578 3.8896 3.6511 184 104430.18
4.0247 4.1992 3.7349 308 502332.46
4.0821 4.199 3.9772 180 30189.62
3.9907 4.0594 3.9415 170 516727.9
3.8847 3.9853 3.7091 194 384130.62
3.7351 3.8658 3.6036 219 95198.97
3.7429 3.8337 3.6582 133 159280.07
3.7743 3.8694 3.6507 111 135769.08
3.8733 4.0158 3.7691 170 121830.45
3.9921 4.0174 3.9503 140 260510.67
4.0766 4.1996 3.9623 231 699537.67
4.2027 4.2636 4.1512 195 99516.21
4.1642 4.1998 4.0862 193 189168.4
4.2449 4.3271 4.1852 197 264397.89
4.3067 4.3478 4.24 140 172876.66
4.3799 4.3998 4.3373 199 251787.83
4.3095 4.3906 4.2658 140 69735.42
4.2452 4.3199 4.1699 154 211164.73
4.2363 4.3144 4.154 155 89492.64
4.3266 4.3785 4.2763 154 95277.45
4.2956 4.3284 4.2717 80 17572.21
4.4066 4.5376 4.2705 245 563252.24
4.5216 4.7155 4.111 263 562045.78
4.7071 4.7998 4.6 245 428547.51
4.6909 4.7739 4.6019 175 167616.27
4.9684 5.2214 4.7102 411 1061183.72
5.4559 5.5792 5.2218 394 1008687.34
5.4927 5.58 5.4 198 325444.23
5.4871 5.6889 5.3825 183 321104.06
5.5248 5.5904 5.4843 177 260035.13
5.5185 5.6 5.3814 182 161493.75
5.3043 5.4942 5.1075 294 511335.89
5.5192 5.5948 5.4354 212 241673.33
5.6369 5.866 5.5035 296 428355.53
5.8915 5.9993 5.7782 256 446164.15
5.8131 5.9399 5.7021 181 117056.8
5.7333 5.8822 5.5688 262 526722.62
5.5894 5.8079 5.4777 226 312717.67
5.4483 5.5458 5.3485 295 318106.45
5.6663 5.8073 5.4767 273 361996.39
5.7373 5.8358 5.647 201 246723.69
5.6632 5.7027 5.599 196 319998.57
5.7101 5.9174 5.63 283 911138.62
5.9798 6.0273 5.8999 248 223132.62
6.0596 6.2786 5.9083 295 450840.61
6.3537 6.498 6.1195 316 1141091.11
6.7934 6.9958 6.3993 530 1309954.39
7.1159 7.39 6.8413 434 691486.96
7.0966 7.2582 6.9944 290 383116.03
7.3019 7.362 7.2228 305 146198.46
7.1763 7.3709 6.9235 286 262336.87
7.0401 7.1847 6.9123 256 192781.78
7.2165 7.5109 6.9701 429 1163839.2
7.183 7.3333 7.0609 239 476283.93
7.065 7.176 6.7007 260 176042.67
6.7896 7.0188 6.4436 298 144583.49
6.3161 6.5469 5.8491 428 671833.97
6.2938 6.874 5.8203 523 1472485.9
6.5422 6.6578 6.4828 264 498871.11
6.9146 7.1969 6.5077 457 1740533.81
7.3858 7.6603 7.2191 463 1366060.6
7.6729 7.7767 7.4136 409 264614.55
7.6162 7.6963 7.5399 245 142016.74
7.7219 7.9961 7.6 333 703015.49
8.0262 8.1967 7.9064 343 327245.46
8.1401 8.2738 7.8832 341 620920.8
8.1291 8.2186 8.0584 288 143502.09
8.144 8.1795 8.1 263 355549.12
8.1162 8.2414 7.8976 346 485641.13
8.402 8.6872 8.1174 407 363897.43
8.8823 9.2717 8.5984 525 1103617.46
9.4158 9.5595 9.103 554 456614.17
9.7025 9.8966 9.5 594 964658.5
10.2865 11.0492 9.5063 1385 2565125.09
9.9499 10.4757 9.3281 831 833940.59
10.0247 10.5274 9.5235 828 1733794.72
10.7332 10.9402 10.5486 670 1091685.31
11.2212 11.6936 10.8722 726 786709.05
11.4084 11.597 11.0531 714 690618.39
11.5853 11.7736 10.5951 859 1108054.78
12.2866 12.9516 11.7784 1650 3205634.72
14.4965 16.1831 12.9824 3066 3132364.58
15.9525 16.929 15.0264 2071 1704683.89
15.6798 16.3447 14.0308 1123 708947.1
15.0453 16.1865 14.0367 1385 904780.47
16.7733 17.8014 15.5004 1357 1824270.7
17.4482 17.8734 16.9964 1166 649378.57
17.4377 17.9034 16.9858 1040 791763.52
17.0486 17.4776 15.5446 924 686870.69
17.6756 18.3343 16.5315 1127 1369436.52
18.3939 19.4051 17.9932 1114 1194358.53
19.2293 19.6534 18.6315 1718 1756679.16
18.709 19.0992 18.306 1556 1136126.63
18.5317 18.9895 17.7507 1411 1310154.85
17.3012 18.0623 16.5466 1518 1940377.92
16.7131 17.4345 15.5682 1025 896838.78
14.1137 15.7237 11.9916 2099 2656123.11
15.3973 16.3617 14.4751 1311 1172404.71
14.7228 16.2558 13.8712 1001 590853.43
14.6741 15.136 14.1208 842 450591.75
15.4695 16.364 14.4145 1128 1611720.34
16.2077 16.7481 15.503 830 526534.37
15.2105 16.0964 14.5425 797 479267.14
15.1151 15.6727 14.6101 762 413962.07
14.1217 15.1105 13.1463 798 522475.18
13.9874 14.7428 13.2801 667 388036.06
