0.1164 0.1259 0.1055 48 3742.6
0.1155 0.1171 0.1129 20 1689.37
0.1145 0.1171 0.1136 13 5084.48
0.1139 0.1176 0.1122 11 1320.06
0.1171 0.12 0.115 14 4106.91
0.1164 0.1193 0.1149 27 11567.6
0.1163 0.1189 0.1154 21 2732.01
0.1202 0.1236 0.1176 41 2555.26
0.121 0.1212 0.1205 16 1388.62
0.1221 0.1236 0.1212 36 6982.26
0.1239 0.1268 0.1221 30 4419.73
0.1258 0.127 0.1237 16 2312.73
0.1259 0.1266 0.1254 8 157.46
0.1245 0.1255 0.1232 18 2798.27
0.1249 0.1267 0.1239 16 307.33
0.1239 0.1246 0.1234 19 1669.81
0.1234 0.1245 0.1227 14 190.43
0.1179 0.1236 0.111 20 1350.26
0.118 0.1198 0.1169 30 3018.35
0.1156 0.119 0.1111 57 2068.28
0.1155 0.1184 0.1138 44 3739.88
0.1137 0.1144 0.1129 19 551.71
0.1137 0.1142 0.1131 22 1242.42
0.1051 0.1115 0.1 21 1230.9
0.106 0.1098 0.1012 40 5056.16
0.106 0.1096 0.103 37 2212.55
0.1071 0.1076 0.1067 24 3334.1
0.105 0.1072 0.1037 51 5139.71
0.1016 0.1079 0.0969 46 2976.93
0.0992 0.1019 0.0969 47 2954.03
0.0963 0.0997 0.0949 17 1045.24
0.0957 0.0992 0.0924 56 2586.36
0.099 0.1008 0.0968 66 8610.36
0.1003 0.1017 0.0978 21 6818.59
0.1011 0.1018 0.099 59 6178.89
0.1015 0.102 0.1012 32 2836.31
0.0982 0.0989 0.0966 20 1881.22
0.0979 0.1002 0.0966 51 8356.95
0.0946 0.0977 0.0906 54 1833.96
0.0956 0.0978 0.0937 27 1763.15
0.0931 0.0933 0.093 15 1370.14
0.0962 0.0968 0.0954 20 1643.1
0.0946 0.096 0.0929 32 1665.32
0.0913 0.0928 0.09 35 2845.5
0.0895 0.0903 0.0887 12 1503.16
0.0893 0.0908 0.0884 41 3625.3
0.0868 0.0878 0.0855 33 5747.81
0.0847 0.0863 0.0838 33 3764.95
0.0813 0.0817 0.081 5 426.34
0.0758 0.0781 0.0741 12 785.46
0.0705 0.0757 0.0683 20 607.8
0.065 0.0658 0.0646 18 838.97
0.0705 0.0756 0.0647 60 2817.26
0.0715 0.0732 0.0706 33 1269.56
0.0725 0.0729 0.0714 27 1178.44
0.0791 0.0824 0.0733 71 7519.65
0.0887 0.0931 0.0835 65 7455.65
0.0897 0.0916 0.0885 14 72.15
0.09 0.0929 0.088 22 443.79
0.0918 0.095 0.0884 94 7510.55
0.0912 0.0925 0.09 55 2401.57
0.0892 0.0911 0.0882 41 1842.28
0.0857 0.0901 0.0804 47 2411.39
0.085 0.0857 0.0828 46 1382
0.086 0.0879 0.0841 20 716.05
0.0852 0.0867 0.0836 25 1002.69
0.0836 0.0848 0.0829 56 1213.15
0.0851 0.0877 0.0842 56 4466
0.085 0.0869 0.084 66 1165.23
0.0845 0.0861 0.0842 66 1578
0.087 0.0885 0.0861 59 3909.35
0.0873 0.0885 0.0866 17 146.09
0.087 0.0875 0.0856 42 491.35
0.0894 0.0905 0.0871 43 2320.05
0.0901 0.0916 0.0894 61 2229.68
0.0946 0.1 0.0901 87 12186.8
0.0966 0.097 0.0964 52 6115.07
0.095 0.0968 0.0941 57 1802.73
0.0955 0.0956 0.0955 32 1437.23
0.0951 0.0954 0.0949 37 275.19
0.0955 0.0959 0.0945 62 2738.62
0.0962 0.0968 0.0957 48 3779.56
0.0954 0.0958 0.0952 67 1666.38
0.0949 0.096 0.094 52 1814.13
0.0938 0.0945 0.0919 63 1105.61
0.0916 0.0923 0.0909 16 334.58
0.0913 0.0922 0.0908 27 1861.86
0.0919 0.0926 0.0916 69 1752.67
0.0926 0.0932 0.0918 73 10697.66
0.0952 0.0976 0.0925 139 15120.36
0.0959 0.0966 0.0955 74 3802.95
0.0951 0.0955 0.0948 101 8324.76
0.0955 0.096 0.0954 107 3665.26
0.0959 0.0965 0.0949 102 6179.06
0.099 0.1009 0.0968 127 6722.08
0.1002 0.1041 0.0998 117 12886.3
0.1039 0.1063 0.1029 107 7406.71
0.1073 0.108 0.1066 49 1305.12
0.1036 0.1071 0.0994 70 2057.65
0.1031 0.104 0.0994 64 5394.64
0.1026 0.1048 0.1025 59 8289.05
0.1055 0.1066 0.1047 81 2008.26
0.1083 0.1125 0.1046 131 16418.92
0.1116 0.1132 0.11 86 2581.95
0.1133 0.116 0.1105 106 10497.04
0.1156 0.1199 0.112 109 82440.84
0.1188 0.1198 0.1132 82 36536.35
0.1197 0.1199 0.1197 78 18478.84
0.1222 0.1254 0.1198 78 67153.64
0.1231 0.1244 0.1225 71 11531.13
0.1233 0.125 0.1228 69 8058.39
0.1156 0.119 0.114 61 26685.26
0.1146 0.1153 0.1142 64 5065.47
0.113 0.1152 0.1123 36 2999.53
0.1134 0.1146 0.1119 39 2141.57
0.1116 0.1162 0.1099 76 28036.77
0.1158 0.1183 0.1111 98 74112.56
0.1171 0.12 0.115 58 3044.75
0.1199 0.12 0.1192 76 10123.92
0.1197 0.1207 0.1176 60 11027
0.1196 0.1212 0.1168 34 669.83
0.1175 0.1178 0.1174 20 3636.59
0.1183 0.1201 0.1154 62 51596.48
0.1179 0.1185 0.1153 60 8720.67
0.1178 0.1183 0.1175 69 13688.6
0.1178 0.118 0.1176 39 6220.17
0.1167 0.119 0.1149 63 31396.88
0.1167 0.1185 0.1136 22 45411.55
0.1177 0.12 0.1172 38 19815.54
0.1172 0.1186 0.114 57 32205.58
0.1175 0.1182 0.1137 80 73159.87
0.1203 0.1254 0.1183 55 46705.3
0.1186 0.119 0.1176 46 31489.91
0.1188 0.1208 0.1177 51 5606.73
0.1204 0.1209 0.1201 28 2136.66
0.1199 0.1203 0.1197 38 1934.24
0.1199 0.1202 0.1197 51 7274.01
0.1198 0.1216 0.1187 55 12200.15
0.1191 0.12 0.1136 66 78698.06
0.1085 0.1124 0.1022 76 3989.79
0.1171 0.119 0.1141 47 3728.14
0.1194 0.121 0.1188 31 37122.2
0.1184 0.1222 0.1176 34 2283.43
0.1191 0.1194 0.119 57 10443.88
0.1203 0.1211 0.1199 72 14177.47
0.121 0.1212 0.1206 62 89106.07
0.1227 0.1237 0.1193 82 9541.18
0.1233 0.125 0.1223 58 2879.03
0.1247 0.125 0.124 46 27382.4
0.1255 0.1275 0.1249 44 16546.5
0.1317 0.1348 0.1262 95 24892.39
0.132 0.1348 0.13 99 71187.69
0.1379 0.1409 0.1333 97 260116.72
0.1368 0.1408 0.1341 55 55310.43
0.1414 0.1428 0.1398 85 150338.39
0.1472 0.1559 0.14 117 133949.73
0.1549 0.155 0.1548 47 51879.02
0.1608 0.1699 0.1549 117 46371.3
0.1787 0.1852 0.1707 114 28508.11
0.187 0.1962 0.1835 86 16203.76
0.1914 0.1996 0.175 67 30933.41
0.1766 0.189 0.1689 47 16218.58
0.1747 0.177 0.1696 50 6537.59
0.1761 0.1771 0.1746 49 24586.38
0.1866 0.19 0.1816 72 37719.89
0.1925 0.1995 0.189 80 27175.43
0.1971 0.1995 0.1948 72 21261.46
0.1941 0.1958 0.1915 72 14315.44
0.197 0.2 0.1951 60 45087.16
0.1989 0.1999 0.1969 33 24170.6
0.2 0.2022 0.1997 56 46424.57
0.2056 0.2163 0.2 125 243808.18
0.2285 0.2448 0.2187 123 31309.19
0.2439 0.2496 0.2348 176 174586.93
0.2645 0.2856 0.2485 185 328434.07
0.2931 0.314 0.274 165 101138.37
0.3269 0.3348 0.3142 167 197520.33
0.3021 0.3345 0.2749 104 46879.8
0.3152 0.3203 0.2974 104 62530.21
0.3272 0.3418 0.3165 198 174532.66
0.3616 0.383 0.3376 199 65259.13
0.3963 0.4096 0.3861 178 250416.9
0.41 0.4279 0.3911 104 33776.74
0.4151 0.416 0.4096 105 140121
0.4347 0.45 0.416 128 212168.56
0.508 0.5808 0.45 412 1020937.46
0.6265 0.7485 0.4977 478 887514.89
0.5261 0.624 0.4399 252 147203.78
0.5802 0.6483 0.4929 261 357514.24
0.6832 0.7484 0.603 244 73257.88
0.7672 0.8053 0.73 206 358931.93
0.7611 0.7901 0.7159 112 154743.78
0.7714 0.7873 0.75 134 50322.08
0.7779 0.8218 0.7642 308 583424.84
0.8675 0.9483 0.8297 323 374120.18
0.9648 1.0396 0.9298 363 733152.14
1.047 1.0983 1.0021 299 230661.03
1.108 1.1289 1.06 218 90165.04
1.0131 1.1187 0.8504 209 64558.44
0.9506 0.9889 0.801 241 188841.03
0.9966 1.0461 0.9483 201 150471.6
1.0217 1.0697 0.999 211 224753.05
1.004 1.0681 0.9092 264 122040.68
0.9506 0.9732 0.908 178 67775.2
0.8004 0.92 0.6745 151 25266.05
0.7689 0.8127 0.739 101 110968.12
0.841 0.8986 0.766 186 84349.18
0.9186 0.95 0.8941 187 60991.04
0.9313 0.9776 0.897 157 59600.54
0.8706 0.9093 0.8543 114 32892.69
0.8965 0.9237 0.8813 133 43225.37
0.8874 0.8992 0.8726 66 9172.36
0.8534 0.896 0.8216 66 22774.15
0.8452 0.8787 0.7546 119 13274.56
0.7303 0.7955 0.67 214 71620.96
0.6123 0.72 0.508 313 278633.32
0.5963 0.6649 0.5392 238 197565.09
0.6859 0.7156 0.6622 164 135585.18
0.6287 0.6681 0.6062 82 63113.06
0.6338 0.66 0.5889 85 29467.15
0.6603 0.6779 0.6495 87 81532.53
0.6567 0.6698 0.64 92 126407.9
0.646 0.6574 0.6348 95 67656.49
0.6767 0.7495 0.6498 215 301873.82
0.7251 0.7498 0.71 84 49219.86
0.7034 0.71 0.6911 81 20960.9
0.7027 0.7069 0.6962 62 10675.49
0.7176 0.7372 0.7048 104 162340.06
0.7282 0.73 0.7187 50 10414.47
0.7318 0.7381 0.7293 24 11028.69
0.7343 0.75 0.7199 85 90278.85
0.7604 0.788 0.737 164 337401.47
0.7795 0.8 0.7701 80 50475.09
0.8175 0.8695 0.8 165 228353.07
0.8839 0.8939 0.8625 216 372918.16
0.8678 0.8926 0.8319 133 65024.03
0.8184 0.8498 0.7869 104 25782.91
0.8077 0.8271 0.7916 85 100297.19
0.8207 0.8304 0.7927 81 58774.84
0.8595 0.8874 0.8349 91 47117.83
0.8493 0.8762 0.8167 66 28698.39
0.8158 0.8497 0.7977 88 14048.41
0.8191 0.826 0.8099 61 18289.76
0.8268 0.8444 0.8153 107 70281.91
0.8262 0.8363 0.81 61 17699.7
0.8139 0.8324 0.8027 100 21183.77
0.8041 0.8104 0.787 71 27664.77
0.8089 0.8195 0.7796 69 9575.47
0.8178 0.8262 0.8135 90 30085.36
0.8192 0.8226 0.815 91 30946.04
0.8119 0.82 0.7957 68 4630.91
0.8077 0.815 0.7954 71 16685.84
0.7857 0.8025 0.775 60 7555.24
0.7841 0.7987 0.7738 63 30987.87
0.7972 0.812 0.7879 82 23685.86
0.7959 0.8245 0.7489 69 19223.78
0.7444 0.7712 0.7196 118 25059.46
0.748 0.76 0.733 72 23248.93
0.7523 0.759 0.746 69 63007.82
0.7525 0.758 0.7473 94 172740.81
0.7708 0.7834 0.7561 57 29615.89
0.7778 0.7814 0.7635 50 4053.16
0.7713 0.7874 0.75 63 24899.79
0.7641 0.7692 0.7594 100 51213.98
0.7611 0.7807 0.748 92 79543.33
0.7545 0.7629 0.7456 105 64428.02
0.7085 0.7595 0.6803 185 151570.36
0.7036 0.7142 0.6886 55 13983.35
0.6816 0.6967 0.6749 117 83144.26
0.6588 0.6935 0.6122 159 35458.01
0.6624 0.6888 0.6001 137 18958.97
0.6394 0.649 0.631 62 14559.29
0.6337 0.6557 0.5865 68 10816.61
0.5854 0.6565 0.5317 199 105113
0.636 0.6569 0.6172 78 17018.44
0.6223 0.65 0.5856 89 59070.24
0.6057 0.628 0.5632 125 30439.2
0.6161 0.6248 0.6008 98 20253.43
0.6108 0.625 0.5982 73 13299.89
0.5902 0.6023 0.5788 58 55532.3
0.5669 0.584 0.529 65 11420.9
0.5633 0.5782 0.55 54 66596.01
0.6 0.6183 0.5745 65 27662.97
0.5877 0.6054 0.5751 56 12647.53
0.5243 0.5712 0.4874 134 36939.81
0.5523 0.575 0.5193 105 36130.81
0.5518 0.5737 0.5379 51 5830.29
0.548 0.5555 0.5382 79 67938.32
0.5375 0.5446 0.5324 55 35094.85
0.5458 0.5599 0.5367 86 49441.12
0.5762 0.6296 0.5435 136 192783.88
0.6381 0.67 0.6207 100 109860.17
0.6317 0.6563 0.6182 112 23355.88
0.6278 0.63 0.62 75 30847.14
0.6205 0.6351 0.6111 62 30264.07
0.6036 0.615 0.5814 32 15916.13
0.5975 0.6143 0.5825 80 19313.37
0.6042 0.6107 0.5946 57 31259.14
0.6023 0.6087 0.5952 69 82580.3
0.6072 0.6209 0.6016 59 69034.89
0.6093 0.6135 0.6031 60 76870.7
0.6055 0.6081 0.6018 54 65578.49
0.6044 0.6075 0.595 47 13826.35
0.6076 0.6106 0.6031 57 95833.03
0.6012 0.6078 0.589 75 71701.84
0.5904 0.5983 0.5841 48 10381.87
0.589 0.6017 0.5819 71 46973.76
0.5791 0.5995 0.5694 50 46459.2
0.5721 0.5803 0.5669 48 7008.89
0.5614 0.5698 0.5499 48 10533.63
0.5506 0.555 0.5465 29 2105.53
0.5524 0.56 0.54 73 27950.64
0.5597 0.5651 0.5429 51 21164.3
0.5661 0.5737 0.55 51 13275.42
0.5489 0.574 0.5199 129 17066.55
0.5129 0.5232 0.5021 50 44443.75
0.509 0.522 0.4951 49 9824.47
0.4892 0.5101 0.4674 37 6026.51
0.4624 0.476 0.45 49 4122.8
0.4736 0.4851 0.467 25 2709.26
0.4706 0.486 0.4438 67 26441.58
0.4242 0.4318 0.4184 71 25904.54
0.4386 0.4419 0.4314 36 2321.69
0.4483 0.465 0.4385 48 10309.9
0.4665 0.4831 0.4537 43 14687.15
0.4576 0.4599 0.4557 23 2903.96
0.4453 0.4478 0.4419 11 346.13
0.4444 0.4523 0.4386 28 7770.87
0.4102 0.4392 0.3969 36 7651.95
0.3934 0.425 0.3579 68 10771.96
0.4303 0.4478 0.4248 29 30541.93
0.4123 0.4238 0.4001 17 3886.88
0.4286 0.4518 0.403 56 20544.84
0.4712 0.494 0.4426 78 90885.85
0.5031 0.5273 0.483 58 45567.8
0.5094 0.5232 0.4854 23 2386.81
0.4835 0.4841 0.4829 3 110.41
0.4755 0.4898 0.46 44 41140.81
0.4919 0.502 0.4817 39 22968.31
0.4828 0.4997 0.4701 9 384.94
0.4886 0.4904 0.4875 18 4144.88
0.4798 0.4825 0.475 32 10218.42
0.4819 0.4869 0.4784 22 1553.94
0.4715 0.4869 0.4572 29 10766.9
0.4634 0.4676 0.4573 9 415.27
0.4541 0.4607 0.447 13 843.2
0.4401 0.4582 0.4255 27 3110.4
0.4344 0.4382 0.4303 25 7316.63
0.4331 0.4387 0.4242 28 7605.22
0.4356 0.4399 0.4292 25 865.72
0.4307 0.4368 0.4257 16 4461.48
0.4234 0.4272 0.4224 23 6738.97
0.4218 0.4259 0.4172 13 9220.42
0.4159 0.4172 0.4141 24 12786.02
0.4175 0.4253 0.4133 25 2242.07
0.4244 0.4347 0.4156 39 30666.59
0.4317 0.437 0.4289 22 3532.7
0.4326 0.4361 0.4306 14 10813.3
0.4312 0.438 0.4165 21 2408.84
0.4299 0.435 0.4255 10 11379.73
0.4252 0.4265 0.4241 25 805.67
0.4241 0.426 0.42 23 4018.92
0.4267 0.431 0.4244 54 20476.38
0.4335 0.44 0.427 64 15385.59
0.4339 0.4367 0.4328 15 10739.62
0.4353 0.4374 0.4344 18 12487.66
0.4303 0.4329 0.4275 12 3310.7
0.4239 0.4336 0.4106 40 5225.41
0.443 0.467 0.4311 90 30197.4
0.4684 0.4803 0.448 47 18939.87
0.4935 0.512 0.4678 74 41071.96
0.5196 0.5321 0.511 29 7950.99
0.5103 0.5146 0.5074 16 3008.18
0.5386 0.5596 0.5077 76 24900.86
0.5623 0.5699 0.558 37 17422.08
0.5492 0.5665 0.5405 35 29076.9
0.5548 0.5592 0.5433 23 8833.36
0.5534 0.5563 0.5504 17 24627.59
0.5724 0.5996 0.5507 62 43381.09
0.6038 0.6121 0.595 36 69016.03
0.6286 0.644 0.6106 88 69549.45
0.6174 0.6364 0.6056 35 5611.33
0.6381 0.649 0.6122 35 14879.15
0.6369 0.6569 0.6266 35 13464.31
0.6357 0.6454 0.609 53 25978.17
0.6449 0.6509 0.6384 39 5673.04
0.6459 0.6505 0.6387 14 6465.82
0.6383 0.6455 0.629 21 18314.55
0.6344 0.6398 0.6297 25 29231.95
0.6335 0.6399 0.625 31 26523.33
0.6337 0.6409 0.62 20 8551.89
0.6263 0.6316 0.6186 15 19356.15
0.5978 0.6049 0.5872 16 3075.65
0.5759 0.5947 0.5564 18 11775.64
0.5578 0.5678 0.545 19 1562.56
0.5838 0.5986 0.5555 46 20967.29
0.5851 0.5932 0.569 34 15283.02
0.5949 0.599 0.585 33 55943.5
0.5916 0.5988 0.5755 15 8243.17
0.5872 0.5936 0.5799 11 2099.53
0.5805 0.584 0.5767 10 6379.59
0.5876 0.593 0.5838 20 17336.45
0.5781 0.5899 0.5698 17 5678.62
0.5871 0.5988 0.5728 21 35958.98
0.5663 0.5702 0.5617 18 4101.91
0.5689 0.5718 0.5647 19 9373.71
0.5706 0.5746 0.5661 28 12386.32
0.5799 0.584 0.5683 16 6876.71
0.5897 0.5919 0.5878 25 33435.15
0.6124 0.625 0.5974 48 26626.62
0.6301 0.6399 0.616 58 11803.4
0.6379 0.6449 0.6297 44 29408.28
0.6458 0.6511 0.6384 28 19796.73
0.6319 0.6408 0.621 12 6565.07
0.6288 0.629 0.6287 8 5740.23
0.6268 0.6431 0.6159 57 37491.13
0.6364 0.6401 0.6287 14 1293.86
0.6261 0.6372 0.6199 8 1045.05
0.623 0.6367 0.6167 28 23188.02
0.6148 0.6201 0.6099 29 12674.12
0.63 0.6363 0.6187 21 3302.37
0.6231 0.6252 0.6211 4 1269.27
0.6242 0.6248 0.6238 19 19267.01
0.6203 0.6242 0.6162 19 11576.76
0.6192 0.6207 0.6169 11 2539.3
0.6163 0.6198 0.6102 17 12794.63
0.6128 0.6238 0.601 37 20834.25
0.6241 0.631 0.6125 31 44802.33
0.6264 0.6289 0.6237 13 681.21
0.6283 0.6334 0.6232 19 24423.9
0.6243 0.6289 0.6149 15 2574.25
0.6207 0.6221 0.6173 17 29870.39
0.6143 0.6167 0.6107 12 3938.2
0.5989 0.6011 0.5949 8 4865.61
0.596 0.5964 0.5959 4 67.59
0.5984 0.5988 0.598 11 3279.68
0.5871 0.593 0.5812 5 133.37
0.5897 0.5989 0.5779 42 12306.65
0.5881 0.5966 0.5827 23 9523.34
0.5818 0.5899 0.576 24 4305.92
0.5959 0.6081 0.5886 19 3239.14
0.6112 0.6118 0.6107 14 9974.64
0.5916 0.602 0.5846 22 7584.37
0.5939 0.5998 0.5878 15 10285.33
0.5857 0.5876 0.581 19 7905.95
0.5833 0.5847 0.5818 17 9499.49
0.5945 0.6169 0.5839 37 44732.84
0.6019 0.6059 0.6 7 164.8
0.6096 0.613 0.6048 19 15530.05
0.6022 0.6117 0.5928 4 2475.97
0.6039 0.6096 0.6007 7 100
0.5918 0.6006 0.5713 6 2190.53
0.5733 0.5896 0.5615 12 1903.45
0.5383 0.5536 0.5278 24 2140.86
0.5249 0.5344 0.5109 14 3999.93
0.5152 0.5312 0.5 35 23510.91
0.5237 0.53 0.5098 16 2379.73
0.4854 0.5025 0.472 34 8723.67
0.4844 0.4939 0.474 24 1356.76
0.4957 0.5282 0.4854 57 20815.07
0.5337 0.5397 0.5263 34 12431.47
0.5166 0.5189 0.513 10 1366.35
0.5147 0.5182 0.5095 11 236.86
0.5071 0.5112 0.5001 13 1348.02
0.5087 0.5125 0.5 32 21345.47
0.5073 0.5129 0.5 14 2097.17
0.5099 0.5141 0.5083 17 2439.18
0.5075 0.5099 0.5042 12 3440.3
0.4979 0.515 0.4878 22 9776.08
0.4963 0.5077 0.4899 14 8465.81
0.4822 0.4839 0.4741 23 4296.87
0.4715 0.474 0.465 31 1081.51
0.4722 0.4757 0.4708 35 3412.24
0.4708 0.4759 0.465 67 22914.61
0.4658 0.4703 0.4624 59 43248.89
0.4675 0.4707 0.4649 22 17656.57
0.4681 0.4719 0.4659 16 8761.13
0.4736 0.4864 0.4699 16 55145.25
0.4695 0.4791 0.4646 37 14311.13
0.48 0.529 0.4639 77 60438.91
0.4917 0.5199 0.4728 39 30963.28
0.4835 0.4936 0.474 36 6644.41
0.4743 0.4836 0.463 32 3252.74
0.4762 0.4797 0.4742 18 2103.62
0.4879 0.4899 0.4847 35 68784.99
0.4806 0.484 0.4778 15 634.78
0.4698 0.47 0.4694 12 6572.15
0.464 0.468 0.4531 16 1604.73
0.4504 0.4642 0.4377 25 44464.03
0.413 0.4278 0.4 59 15733.01
0.4141 0.4234 0.405 29 4230.62
0.4061 0.4117 0.3995 9 406.14
0.4031 0.4062 0.3984 29 1396.84
0.4027 0.4399 0.3802 54 10611.21
0.4295 0.4438 0.415 31 4674.69
0.4127 0.4188 0.4066 30 17629.96
0.4057 0.4164 0.3984 38 6144.97
0.4063 0.41 0.4023 14 4154.48
0.3952 0.4012 0.384 6 566.21
0.3828 0.3888 0.3778 25 42161.55
0.379 0.3893 0.3745 31 6519.59
0.3849 0.3918 0.3812 17 414.48
0.3768 0.3797 0.375 29 17173.84
0.3641 0.371 0.3551 21 10707.89
0.3481 0.3604 0.329 34 19028.1
0.3118 0.3318 0.2954 55 11121.49
0.3243 0.343 0.3068 42 26759.84
0.3324 0.336 0.3274 21 993.86
0.3333 0.347 0.3179 59 25111.75
0.3592 0.3836 0.3438 60 23068.46
0.3593 0.363 0.3533 18 690.31
0.354 0.3629 0.3504 13 14985.07
0.3539 0.3676 0.347 36 45452.98
0.3759 0.3799 0.3701 29 8042.35
0.3962 0.4075 0.3774 51 16213.49
0.3939 0.4 0.388 31 8345.16
0.3844 0.393 0.3751 23 5016.18
0.3753 0.3804 0.3697 33 2483.18
0.3712 0.3729 0.37 14 12416.06
0.3836 0.387 0.3791 18 5361.77
0.375 0.379 0.369 14 287
0.377 0.3794 0.3721 46 12149.33
0.3737 0.3798 0.3677 32 36377.93
0.3668 0.3768 0.3597 48 54376
0.3547 0.3591 0.3441 24 7685.36
0.3444 0.3547 0.3356 23 767.54
0.3483 0.3531 0.34 25 2599.68
0.3471 0.354 0.3399 39 44680.31
0.3512 0.3539 0.3437 27 5148.13
0.3477 0.354 0.3388 9 585.93
0.3381 0.3498 0.334 34 15498.97
0.336 0.3471 0.3315 15 2840.58
0.3228 0.3323 0.3139 22 15934.4
0.3215 0.3242 0.3185 26 17364.04
0.3231 0.3233 0.3229 11 1240.19
0.3196 0.3233 0.3184 17 3321.11
0.3267 0.3331 0.3208 35 6283.74
0.3313 0.3355 0.326 34 14410.14
0.3337 0.3375 0.3278 23 8215.53
0.3339 0.3364 0.329 30 15088.09
0.3392 0.3414 0.3358 43 28033.26
0.3538 0.3685 0.343 97 54796.16
0.3624 0.3682 0.3597 18 471.05
0.3781 0.4158 0.3588 106 31424.13
0.4167 0.4465 0.3879 56 44572.57
0.3869 0.3959 0.3774 25 501.54
0.3752 0.3896 0.3659 13 7208.49
0.3729 0.383 0.3676 24 20532.08
0.3795 0.3903 0.3703 46 7932.83
0.3716 0.3798 0.3663 60 12398.33
0.3713 0.3774 0.3654 52 65650.23
0.36 0.3766 0.3487 46 35190.07
0.35 0.362 0.345 60 55150.01
0.3592 0.3609 0.3569 14 8900.12
0.3523 0.3569 0.3508 18 9975.4
0.3704 0.3719 0.3665 55 26595.51
0.3798 0.3935 0.3719 42 27757.15
0.3729 0.3779 0.3696 26 6014.5
0.3663 0.368 0.365 30 3438.09
0.3641 0.3724 0.3562 31 4029.34
0.375 0.38 0.3724 45 17631.65
0.372 0.3757 0.369 29 8820.99
0.3727 0.3807 0.365 37 19463.84
0.3754 0.3857 0.3699 81 80747.8
0.3758 0.3796 0.3731 20 6600.02
0.3705 0.374 0.3672 40 35714.43
0.3635 0.367 0.3501 30 37956.9
0.3654 0.3672 0.3544 24 3629.2
0.3634 0.369 0.3508 9 1853.58
0.3637 0.3699 0.3599 52 2651.3
0.3496 0.3623 0.3409 55 18659.72
0.3489 0.3566 0.3456 19 2104.34
0.3467 0.3485 0.3397 38 10186.27
0.3455 0.3498 0.339 47 5853.94
0.3466 0.3493 0.3439 29 3644.65
0.3428 0.3463 0.34 17 1196.16
0.3291 0.3349 0.325 27 5923.44
0.3249 0.3361 0.317 47 12253.67
0.316 0.3228 0.308 33 11298.7
0.3104 0.3166 0.306 52 15381.31
0.3094 0.3142 0.3069 20 3695.99
0.3141 0.3226 0.3069 27 23011.21
0.3191 0.3266 0.3125 45 15376.45
0.3278 0.3357 0.319 68 18713.01
0.3236 0.3346 0.318 63 17896.82
0.3479 0.3779 0.3225 131 45629.78
0.333 0.3517 0.3182 60 12379.08
0.3466 0.3546 0.3358 63 13382.83
0.3362 0.3439 0.3181 51 3509.57
0.3237 0.3288 0.3125 32 4291.42
0.3255 0.331 0.3136 47 8080.49
0.3188 0.3226 0.3112 17 280.22
0.3155 0.3191 0.313 17 1037.02
0.3151 0.3182 0.31 13 822.53
0.3102 0.3134 0.307 20 14194.78
0.3048 0.3133 0.2971 43 9109.64
0.2779 0.288 0.2644 71 5806.71
0.2727 0.2793 0.269 32 9733.15
0.2711 0.2793 0.2669 52 10373.34
0.2851 0.3 0.271 48 13563.89
0.2845 0.2897 0.2805 15 6544.68
0.2756 0.2809 0.2725 38 15038.03
0.2686 0.2783 0.2591 55 24481
0.2634 0.2714 0.2581 67 55444.72
0.2584 0.26 0.2567 46 1646.3
0.2379 0.2658 0.2255 112 22331.21
0.2048 0.2339 0.1826 82 9548.78
0.2058 0.2386 0.1821 102 33280.99
0.2043 0.2135 0.1961 55 11727.27
0.1962 0.2025 0.1868 23 21901.7
0.1995 0.2073 0.195 48 9942.87
0.2022 0.2083 0.19 40 10191.51
0.2031 0.2063 0.2 55 14872.47
0.2014 0.2027 0.1994 34 18747.36
0.2219 0.229 0.2057 65 32466.13
0.2263 0.2293 0.2236 14 2356.14
0.2274 0.229 0.2237 68 33491.39
0.2372 0.239 0.229 44 22018.31
0.2684 0.2989 0.2389 124 117615.2
0.2544 0.26 0.245 60 9826.9
0.2537 0.261 0.2445 35 5351.24
0.2297 0.2384 0.2253 39 7266.01
0.2224 0.2312 0.211 37 16469.42
0.2245 0.2272 0.2213 38 1989.05
0.2127 0.2216 0.2077 52 12405.09
0.2184 0.2247 0.2132 23 9751.75
0.231 0.2329 0.2235 70 7607
0.2251 0.2291 0.2233 27 4221.47
0.2196 0.2296 0.2101 93 11227.6
0.2175 0.2236 0.213 99 36524.76
0.2189 0.2225 0.2165 34 841.19
0.2181 0.2243 0.2155 40 16228.92
0.2178 0.2222 0.215 29 2296.54
0.2151 0.2222 0.2137 36 2065.51
0.2141 0.2171 0.2114 29 8709.63
0.2135 0.2188 0.2098 57 2581.61
0.2203 0.2295 0.2107 97 25121.61
0.2333 0.2463 0.2265 79 32294.31
0.2466 0.253 0.2409 58 4098.74
0.2274 0.233 0.2244 59 13448.39
0.2282 0.2329 0.221 54 28472.42
0.2324 0.2336 0.2309 19 8423.29
0.2267 0.2336 0.2197 31 14497.68
0.2314 0.237 0.2278 53 7262.85
0.2355 0.2384 0.2315 25 5545.19
0.2296 0.2313 0.2289 29 7360.7
0.2227 0.2265 0.2129 52 33094.69
0.2229 0.2242 0.218 37 32314.21
0.2281 0.233 0.2237 75 70804.8
0.2343 0.2415 0.2249 77 68905.05
0.2393 0.2469 0.233 87 96157.94
0.2403 0.2439 0.2364 45 10237.79
0.2367 0.239 0.2276 30 27458.04
0.2433 0.2512 0.2365 105 27129.36
0.2607 0.2673 0.2532 136 21119.21
0.2657 0.2702 0.2607 61 24059.16
0.2582 0.2661 0.2518 43 36868.68
0.2609 0.27 0.25 26 3806.58
0.2617 0.2627 0.257 33 31026.89
0.2645 0.2649 0.2638 17 7037.02
0.2706 0.2779 0.2644 48 11819.9
0.2916 0.2992 0.281 126 29970.25
0.2931 0.2974 0.2878 26 1021.62
0.2984 0.3 0.2958 25 3843.13
0.2837 0.2906 0.28 37 11016.71
0.2726 0.2771 0.2655 43 13373.68
0.2738 0.2841 0.266 74 46877.92
0.2797 0.2852 0.2762 62 22579.3
0.2821 0.285 0.2808 50 7322.87
0.2684 0.2782 0.2633 30 1501.25
0.2539 0.2579 0.25 24 669.26
0.2528 0.2539 0.2494 32 4218.67
0.2524 0.2538 0.2493 29 4212.82
0.2558 0.259 0.254 40 4245.18
0.2611 0.2628 0.2606 34 2730.54
0.2525 0.2621 0.2442 57 11747.19
0.2443 0.2458 0.2369 26 5590.48
0.248 0.2515 0.2449 27 12448.15
0.2479 0.2497 0.247 8 133.85
0.2512 0.2515 0.2506 14 6044.03
0.2495 0.2521 0.2469 7 202.37
0.2443 0.2488 0.2391 46 6355.03
0.2478 0.2492 0.245 36 13058.29
0.2464 0.2484 0.2425 39 1759.96
0.2522 0.2605 0.246 79 15562.33
0.2566 0.2581 0.2549 25 707.22
0.2542 0.2559 0.2525 3 70.43
0.2534 0.255 0.2526 24 577.48
0.258 0.2583 0.2575 29 1850.35
0.2548 0.2575 0.2526 28 7280.27
0.2531 0.26 0.2487 23 1108.3
0.2466 0.2486 0.2444 26 2070.49
0.2414 0.2457 0.238 22 1251.63
0.2405 0.2489 0.238 68 20850.09
0.2351 0.2387 0.2307 12 252.73
0.2367 0.2408 0.2325 31 2085.11
0.2256 0.2361 0.2179 37 1226.43
0.2235 0.227 0.22 59 23666.29
0.2287 0.2335 0.2272 36 9375.49
0.2288 0.2362 0.2226 31 3047.34
0.2221 0.2227 0.2193 28 1850.27
0.2261 0.2306 0.2227 21 5309.06
0.2254 0.2286 0.2221 31 2574.28
0.2244 0.2297 0.22 49 18328.19
0.2333 0.2376 0.228 46 38166.19
0.2337 0.237 0.231 23 5388.52
0.2321 0.2333 0.2298 34 7807.78
0.2301 0.2303 0.2299 27 12832.1
0.2247 0.226 0.2232 28 476.75
0.2226 0.2288 0.218 47 11137.16
0.2305 0.2338 0.226 60 39142.97
0.2268 0.2275 0.2257 17 2358.56
0.2322 0.2455 0.226 86 64922.17
0.2387 0.2415 0.235 12 342.45
0.2363 0.237 0.2355 13 7565.83
0.2383 0.2439 0.2329 53 13331.87
0.2414 0.2415 0.2414 6 33.79
0.235 0.2378 0.2321 40 6104.79
0.2337 0.2349 0.2327 25 1502.98
0.2299 0.2349 0.2252 60 45859.38
0.2367 0.2416 0.233 43 8348.77
0.241 0.2445 0.2386 47 7809.5
0.239 0.2428 0.2368 37 5794.55
0.2382 0.2392 0.2369 35 4866.54
0.2395 0.2419 0.237 43 7177.62
0.2391 0.2404 0.2373 37 2219.12
0.2348 0.2375 0.2299 26 10691.84
0.2316 0.2343 0.227 37 63057.647
0.2304 0.2333 0.2269 24 5756.51
0.2292 0.2317 0.2272 30 818.26
0.2299 0.2325 0.226 40 3442.95
0.2291 0.2326 0.2249 54 6993.2
0.2291 0.2296 0.2285 49 29988.84
0.2315 0.2335 0.2295 62 9698.47
0.2317 0.2322 0.2309 25 4103.36
0.2345 0.2348 0.2342 43 41809.22
0.2335 0.2343 0.233 35 62158.93
0.2333 0.2345 0.2327 25 12246.65
0.2323 0.2331 0.2309 42 20328.25
0.2313 0.2333 0.23 30 15945.23
0.2315 0.2331 0.2301 44 22791.22
0.2335 0.24 0.2328 33 16352.28
0.2328 0.2335 0.2318 5 364.23
0.2302 0.235 0.2275 15 1519.93
0.2254 0.23 0.2228 30 1659.37
0.2234 0.225 0.2224 28 18292.94
0.2255 0.2286 0.2235 42 14464.47
0.2257 0.227 0.223 23 3130.12
0.2198 0.2228 0.2151 21 21109.31
0.2204 0.2215 0.218 27 24091.54
0.2198 0.2209 0.219 17 1549.71
0.2197 0.222 0.2178 48 23848.27
0.2211 0.2244 0.2176 44 15353.13
0.2245 0.2254 0.2229 42 3836.49
0.2256 0.2264 0.2253 45 4258.56
0.223 0.2255 0.2221 27 22668.93
0.2225 0.2245 0.222 29 15166.92
0.227 0.2287 0.2225 66 17340.38
0.2293 0.2319 0.2273 48 20040.94
0.2354 0.2426 0.2309 115 49383.11
0.2458 0.253 0.2389 125 53115.17
0.2479 0.2509 0.2463 50 2047.83
0.246 0.2493 0.2408 37 25948.55
0.2413 0.2442 0.2364 32 35299.01
0.2407 0.241 0.2402 10 10595.77
0.2439 0.2463 0.2418 49 26916.08
0.2433 0.2465 0.2425 29 4136.16
0.2422 0.2433 0.2408 36 1975.9
0.2383 0.2398 0.2372 35 24443.3
0.2385 0.2404 0.2365 38 20971.44
0.2443 0.2486 0.2413 46 9001.92
0.2458 0.2485 0.2432 37 28318.27
0.2492 0.2514 0.2457 57 4192.92
0.2563 0.2644 0.249 73 55781.76
0.2586 0.2658 0.2509 41 43333.28
0.2517 0.2548 0.25 61 14616.56
0.2491 0.2507 0.2473 30 959.83
0.2533 0.2631 0.2506 38 2405.48
0.2576 0.2667 0.25 56 13227.84
0.2674 0.2702 0.2643 72 28463.15
0.2647 0.2688 0.2625 39 5047.54
0.2646 0.2701 0.262 34 17558.87
0.2711 0.2741 0.2689 37 19293.45
0.2793 0.2863 0.267 109 106078.9
0.2863 0.291 0.2848 29 16412.98
0.2942 0.3062 0.2863 56 24823.43
0.2867 0.3074 0.2785 45 23410.1
0.284 0.287 0.282 42 18295
0.2836 0.2849 0.2815 40 18330.09
0.2767 0.2829 0.2696 23 3393.73
0.2698 0.2724 0.2564 23 7907.94
0.2719 0.2757 0.2653 20 3176.14
0.2692 0.2727 0.2651 26 3594.22
0.2695 0.271 0.2678 23 16972.58
0.273 0.2756 0.271 30 8476.44
0.27 0.2721 0.2695 26 10780.43
0.2699 0.2725 0.269 41 21403.58
0.2741 0.2757 0.271 50 16245.02
0.2794 0.2826 0.2756 31 5209.12
0.2799 0.282 0.2788 42 40918.96
0.2809 0.2828 0.279 43 23508.97
0.2903 0.3333 0.2838 40 20340.82
0.2833 0.2904 0.2799 33 17064.43
0.2831 0.2906 0.2811 25 5709.69
0.2794 0.2819 0.2752 10 1257.29
0.2779 0.2808 0.2754 21 3701.11
0.2759 0.2761 0.2753 34 4999.14
0.2796 0.2821 0.2777 35 14048.14
0.2782 0.2803 0.2702 35 20978.86
0.2761 0.279 0.273 22 14783.7
0.2705 0.2765 0.2681 25 4938.89
0.2704 0.2712 0.2694 27 2615.25
0.2676 0.2737 0.26 37 4551.99
0.2585 0.2615 0.2557 35 18256.11
0.2587 0.2625 0.2531 48 5277.43
0.2603 0.2618 0.2551 48 62137.56
0.2647 0.2666 0.2629 28 20550.23
0.2604 0.2639 0.2589 33 55309.37
0.2586 0.259 0.2582 37 6610.21
0.2571 0.259 0.256 38 39848.81
0.254 0.259 0.2527 41 4642.15
0.2531 0.2542 0.2503 53 14389.29
0.2515 0.2541 0.2496 36 52300.73
0.2292 0.2363 0.2255 125 5366.76
0.2264 0.2324 0.215 94 121527.51
0.2284 0.2315 0.2264 28 3918.34
0.2298 0.2549 0.223 92 147325.15
0.2276 0.2311 0.225 59 10408.55
0.2196 0.2259 0.2109 103 25233.76
0.209 0.2197 0.2022 173 18524.4
0.2219 0.2283 0.2189 62 17350.46
0.2214 0.224 0.215 35 2717.38
0.2225 0.2272 0.221 63 30092.8
0.2254 0.2283 0.2222 29 5368.46
0.2219 0.2247 0.2199 33 4088.53
0.2238 0.2247 0.2218 50 13976.35
0.2237 0.2259 0.2225 55 29456.22
0.2211 0.2229 0.219 52 23246.41
0.2201 0.2246 0.2185 63 7230.97
0.2223 0.227 0.2193 63 58645.1
0.2253 0.2299 0.223 41 12565.71
0.2329 0.2365 0.2271 30 11834.56
0.2357 0.238 0.234 78 18468.59
0.24 0.2489 0.236 85 49134.79
0.2411 0.2499 0.2377 40 22888.52
0.24 0.2449 0.2375 24 7689.36
0.2389 0.2405 0.2376 23 2734.38
0.2381 0.24 0.2373 24 1294.01
0.2359 0.2396 0.2349 44 7654.43
0.2299 0.2375 0.2251 54 32376.85
0.233 0.2382 0.2317 52 4390.17
0.2261 0.2341 0.223 39 8231.75
0.2243 0.2284 0.2222 68 32692.1
0.2299 0.2337 0.2272 80 29032.7
0.2294 0.23 0.2278 29 6971.33
0.2288 0.2299 0.2284 11 1791.56
0.2272 0.2304 0.2231 36 50475.32
0.2272 0.2294 0.2251 60 9743.55
0.2277 0.2314 0.225 70 7820.86
0.2291 0.2338 0.225 44 40865.3
0.2327 0.2354 0.2272 44 2973.54
0.2339 0.2349 0.2324 11 1726.87
0.2337 0.2351 0.2325 30 20182.82
0.2355 0.2374 0.2297 65 38634.41
0.2364 0.238 0.2352 44 13192.48
0.2354 0.2358 0.2344 26 9776.53
0.234 0.2347 0.233 39 8498.55
0.2365 0.2389 0.234 59 9397.33
0.2366 0.238 0.235 25 9248.77
0.2396 0.2406 0.2381 34 11966
0.2387 0.2402 0.2371 31 8522.99
0.2434 0.2482 0.2392 96 57540.25
0.2487 0.2497 0.2478 28 3371.78
0.2465 0.2489 0.2446 35 8120.73
0.2438 0.2451 0.243 39 18147.77
0.2454 0.2455 0.2454 20 11453.16
0.2465 0.2498 0.245 43 32448.06
0.2543 0.2701 0.2476 54 17959.81
0.2486 0.2524 0.2433 66 9849.92
0.2526 0.2566 0.2482 50 15292
0.2516 0.2539 0.2492 50 5322.02
0.2609 0.2716 0.2538 102 30312.02
0.2705 0.2736 0.2661 65 37223.56
0.2678 0.2695 0.2644 12 10559.54
0.2644 0.268 0.2632 81 34333.44
0.2668 0.2687 0.2648 68 54259.25
0.2637 0.2675 0.2593 84 144096.43
0.2734 0.2763 0.2688 100 65553.58
0.277 0.2799 0.2742 70 29901.07
0.2821 0.2845 0.2777 47 15854.64
0.2891 0.2968 0.2835 50 39565.32
0.2865 0.2883 0.2836 41 27898.18
0.2916 0.2994 0.2863 101 102219.87
0.3011 0.3066 0.2974 100 57284.63
0.3095 0.3197 0.3021 92 68323.62
0.3249 0.339 0.315 136 41596.8
0.3227 0.328 0.3137 59 56687.57
0.314 0.3177 0.3094 77 57359.62
0.327 0.3359 0.3204 224 130926.85
0.3646 0.3994 0.3345 314 75245.63
0.4285 0.4832 0.388 269 93460.42
0.3964 0.4379 0.365 185 95797.65
0.3764 0.4048 0.349 101 29958.26
0.3838 0.3962 0.3718 47 17899
0.3874 0.3901 0.3848 54 26339.08
0.374 0.3863 0.3529 107 27920.84
0.3653 0.3796 0.3501 77 24358.57
0.3144 0.3513 0.2992 107 23097.2
0.318 0.3378 0.3035 98 84821.32
0.3268 0.3346 0.317 52 43528.11
0.3254 0.3282 0.3194 52 14700.1
0.3255 0.3324 0.3198 39 24164.49
0.3169 0.3238 0.3148 85 35644.88
0.3295 0.3376 0.3249 92 41150.25
0.3299 0.33 0.3296 16 4052.99
0.3309 0.337 0.3266 44 38019.3
0.3249 0.3324 0.3212 65 9382.69
0.3235 0.3257 0.3195 22 1084.41
0.3237 0.3264 0.319 26 7204.91
0.3192 0.3252 0.3123 50 40749.86
0.319 0.3229 0.3091 25 24331.22
0.3196 0.3246 0.3149 80 53325.27
0.3332 0.3564 0.3133 187 77777.87
0.3496 0.3561 0.3434 88 72711.06
0.3476 0.351 0.3243 41 62314.63
0.3539 0.361 0.344 96 35846.65
0.3706 0.3791 0.3629 75 20805.57
0.3623 0.3742 0.3461 97 69746.79
0.3528 0.3578 0.3486 75 28739.77
0.3521 0.3639 0.3254 98 27352.04
0.3522 0.3583 0.3484 85 72983.57
0.3688 0.3755 0.3599 101 42507.18
0.3876 0.3989 0.3711 132 75219.4
0.3918 0.3959 0.385 94 88622.39
0.3874 0.3958 0.3846 106 40309.24
0.4133 0.4195 0.3989 128 65750.94
0.4123 0.4148 0.41 71 26210.65
0.4271 0.4494 0.4128 168 87379.29
0.4361 0.4592 0.4255 91 14638.22
0.4303 0.4443 0.4219 61 34821.28
0.4388 0.4476 0.422 97 33161.22
0.4526 0.4587 0.4427 89 50981.8
0.4548 0.4577 0.4518 89 100544.33
0.4522 0.4591 0.4484 67 45715.74
0.4596 0.4627 0.4514 81 45157.25
0.4617 0.4646 0.4592 62 23132.17
0.4551 0.4618 0.4403 40 8914.31
0.4397 0.4448 0.4347 76 23533.84
0.4397 0.4424 0.4379 48 15553.83
0.4432 0.4485 0.4368 68 64392.28
0.4528 0.4655 0.4449 87 83345.21
0.4494 0.4608 0.4413 49 9199.64
0.4345 0.4544 0.4218 40 5695.04
0.4245 0.428 0.4207 40 4393.28
0.4273 0.4304 0.4189 31 14535.46
0.424 0.4282 0.4045 37 11005.71
0.4281 0.4328 0.4237 28 2298.65
0.428 0.4326 0.421 46 10868.26
0.4328 0.4334 0.4325 9 1360.57
0.4336 0.4341 0.4327 22 1958.24
0.433 0.4342 0.4317 24 9719.06
0.4323 0.4339 0.4313 46 14148.39
0.4371 0.4398 0.4357 42 11380.32
0.4385 0.44 0.4356 29 3700.23
0.4493 0.4577 0.4383 98 58854.23
0.4553 0.4596 0.4504 53 21325.41
0.4509 0.46 0.444 37 2567.77
0.4461 0.4498 0.442 12 2337.2
0.4452 0.4466 0.442 66 25734.35
0.4492 0.4559 0.4464 66 26423.23
0.4393 0.4547 0.4343 41 42813.69
0.4341 0.4428 0.43 55 19629.73
0.4147 0.4356 0.4006 82 3958.02
0.3697 0.3835 0.3596 109 12347.45
0.3881 0.392 0.385 67 8708.67
0.3838 0.3865 0.3779 80 32505.52
0.3855 0.3871 0.3837 60 6857.57
0.3955 0.4152 0.3815 108 53692.64
0.4117 0.417 0.4058 69 52521.05
0.4 0.41 0.3846 51 5902.6
0.3884 0.3908 0.3813 57 2292.73
0.395 0.4 0.388 75 18693.86
0.399 0.401 0.3952 59 15294.92
0.3961 0.3991 0.3904 60 3072.39
0.3944 0.396 0.3936 22 5928.73
0.3864 0.3941 0.3772 84 41939.15
0.3788 0.3859 0.37 84 89714.78
0.3794 0.3802 0.3787 50 25147.72
0.3793 0.3817 0.3782 39 18326.74
0.3743 0.3844 0.37 68 9146.83
0.3721 0.375 0.37 60 46773.31
0.3744 0.3772 0.3721 52 5095.79
0.3777 0.3878 0.3704 96 42063.93
0.386 0.3875 0.3818 48 53974.75
0.3758 0.3842 0.3571 24 9223.55
0.3785 0.38 0.3759 55 38766.51
0.3771 0.3822 0.375 37 1863.98
0.3736 0.375 0.3713 63 56742.11
0.38 0.3868 0.3738 74 34536.1
0.3815 0.3838 0.3802 56 20758.24
0.3805 0.3827 0.377 54 82691.61
0.3841 0.3892 0.3811 65 25202.61
0.3955 0.399 0.3892 53 16502.62
0.4052 0.41 0.4009 89 21408.45
0.4027 0.4068 0.3998 55 72064.02
0.4141 0.4212 0.4059 111 52146.45
0.4209 0.4249 0.416 56 19416.09
0.4195 0.4243 0.4167 61 20858.74
0.4247 0.4353 0.4174 92 58672.32
0.4375 0.4435 0.4303 62 24400.79
0.4361 0.4481 0.4341 55 6348.16
0.4293 0.4383 0.4209 41 466.16
0.4223 0.428 0.4175 56 6695.01
0.426 0.4297 0.424 86 8429.6
0.4278 0.429 0.4254 44 4123.85
0.4323 0.4343 0.428 66 17513.65
0.4305 0.434 0.429 30 5758.94
0.4323 0.4348 0.4273 99 92187.15
0.4344 0.4429 0.4309 77 27211.35
0.4315 0.4359 0.4268 70 6389.36
0.4235 0.4271 0.4178 51 11951.08
0.4198 0.422 0.4178 66 39015.83
0.4108 0.42 0.4039 61 10949.96
0.4099 0.4173 0.406 74 16639.76
0.4128 0.4156 0.4099 41 1039.87
0.4132 0.4145 0.411 48 7120.74
0.412 0.4142 0.4096 67 10574.28
0.4116 0.4145 0.4089 61 50042.65
0.4155 0.4183 0.4112 69 17678.14
0.4135 0.416 0.4114 31 8381.32
0.4089 0.4118 0.4074 57 12395.93
0.4095 0.4107 0.4079 56 16747.5
0.4104 0.4128 0.4085 59 21607.57
0.4107 0.4127 0.402 94 19778.11
0.4123 0.4149 0.4108 69 17984.85
0.4111 0.4145 0.404 43 4124.11
0.4075 0.4098 0.404 54 22671.99
0.4068 0.409 0.404 50 20132.32
0.4073 0.4089 0.406 72 53747.62
0.4102 0.4149 0.407 78 19548.01
0.4114 0.4125 0.4105 68 7649.05
0.4109 0.412 0.41 52 10432.22
0.4123 0.4149 0.411 80 19428.07
0.4143 0.4157 0.4132 43 5485.95
0.4174 0.422 0.413 103 26954.22
0.4235 0.4253 0.4217 42 3091.46
0.4196 0.4237 0.4151 49 5956.37
0.4125 0.417 0.408 65 27054.18
0.4173 0.4206 0.4156 67 24656.99
0.4162 0.4201 0.4139 61 20439.14
0.418 0.4202 0.4169 55 12081.64
0.4216 0.4227 0.4213 27 2719.4
0.4216 0.4229 0.4195 44 5058.59
0.4219 0.4231 0.4198 86 75711.08
0.4229 0.4237 0.422 43 11953.98
0.4222 0.4232 0.4215 48 9408.01
0.4247 0.4274 0.4219 64 29355.08
0.423 0.426 0.4216 31 11010.33
0.4219 0.4279 0.4196 42 22788.67
0.4276 0.429 0.4255 41 2992.51
0.429 0.431 0.426 68 8657.63
0.424 0.4318 0.4205 53 10032.64
0.4224 0.4241 0.4213 38 3901.68
0.4256 0.4282 0.422 81 39921.75
0.4284 0.4307 0.4278 50 49363.15
0.4285 0.4308 0.4271 34 3783.16
0.4276 0.4284 0.4268 60 18176.78
0.4287 0.4338 0.4275 50 42784.94
0.4348 0.4383 0.431 79 59108.08
0.4376 0.4437 0.432 78 20713.29
0.4415 0.4488 0.4386 29 6420.93
0.4433 0.4489 0.44 45 14769.12
0.449 0.4544 0.4432 88 88341.48
0.4567 0.4598 0.4514 84 7415.48
0.4611 0.4639 0.4589 79 68173.71
0.4624 0.4673 0.4537 60 23059.68
0.4445 0.448 0.441 53 8374.66
0.4508 0.4579 0.441 70 6274.23
0.4536 0.4572 0.4425 18 1170.54
0.4514 0.4519 0.4507 10 911.53
0.45 0.452 0.4478 27 5713.21
0.4496 0.4511 0.4477 40 10644.88
0.4513 0.4656 0.4464 108 71203.83
0.4545 0.4587 0.4532 44 10555.32
0.4578 0.4692 0.45 82 23690.46
0.4633 0.4687 0.4573 41 2635.66
0.4598 0.4629 0.4568 34 2202.29
0.4613 0.4626 0.4593 40 14432.36
0.461 0.4674 0.454 26 11593.14
0.457 0.4594 0.454 45 9234.54
0.4577 0.4611 0.4568 61 35236.31
0.4651 0.4691 0.461 95 34558.3
0.468 0.4759 0.4643 50 12402.22
0.4694 0.4729 0.4675 22 9233.4
0.4681 0.472 0.4656 49 2284.49
0.4644 0.4694 0.4588 36 2968.34
0.4665 0.4713 0.4609 75 19374.34
0.4648 0.4732 0.4605 67 23393.22
0.46 0.4663 0.4451 47 6160.13
0.4538 0.4545 0.4527 13 6729.83
0.4531 0.455 0.4491 33 7731.12
0.4525 0.4554 0.4501 47 12074.44
0.4574 0.4605 0.455 46 19031.62
0.4698 0.4896 0.4577 74 39550.81
0.4663 0.4705 0.46 45 3887.77
0.4868 0.4999 0.4647 139 68159
0.5077 0.5249 0.489 98 105340.98
0.5503 0.6666 0.5338 120 62197.07
0.5492 0.5555 0.5463 72 50628.42
0.5514 0.5588 0.5487 87 92149.29
0.5439 0.5529 0.5314 84 48908.49
0.5514 0.5599 0.5475 70 41069.49
0.56 0.5893 0.5496 117 168187.22
0.5863 0.589 0.5813 73 67330.32
0.5883 0.59 0.581 33 11093.87
0.5895 0.593 0.5866 73 39911.67
0.5965 0.602 0.5893 73 21908.37
0.5905 0.5952 0.58 56 111701.95
0.5877 0.59 0.582 63 16508.43
0.5822 0.5885 0.5752 45 10487.24
0.583 0.5908 0.5772 42 93051.87
0.6365 0.6626 0.588 176 231034.18
0.697 0.7152 0.6698 165 78447.91
0.7003 0.7172 0.6849 75 16439.94
0.6926 0.7131 0.672 69 39915.88
0.7361 0.7689 0.7042 157 83993.49
0.7634 0.7898 0.7457 88 27257.83
0.769 0.7795 0.7575 64 8107.73
0.7716 0.7776 0.7675 47 5727.09
0.7706 0.7873 0.747 76 21176.9
0.7077 0.7498 0.6645 115 33232.25
0.6881 0.8 0.6536 68 4203.43
0.6196 0.6569 0.5978 98 25697.5
0.6714 0.7003 0.6437 104 12529.96
0.679 0.6805 0.6728 42 12124.67
0.6662 0.6839 0.648 23 1785.77
0.66 0.6711 0.6504 54 8253.46
0.6601 0.6798 0.6328 43 14130.97
0.6592 0.6714 0.6545 44 6502.05
0.6716 0.7138 0.626 102 29915.74
0.6949 0.7123 0.689 66 31373.25
0.7027 0.7145 0.6896 54 19367.04
0.7031 0.7147 0.6919 21 2957.59
0.6865 0.6905 0.6807 42 6433.98
0.6864 0.6944 0.6831 53 12777.94
0.6879 0.693 0.682 53 11668.65
0.662 0.6888 0.6398 41 2017.79
0.6696 0.6862 0.6481 75 20076.62
0.6839 0.6998 0.6599 70 26697.04
0.6704 0.6834 0.6661 47 17389.86
0.6738 0.6918 0.6513 40 20933.58
0.6769 0.6939 0.6599 78 38824.89
0.6883 0.6936 0.6844 39 13638.93
0.6782 0.6864 0.6691 35 18423.77
0.6721 0.6847 0.6655 41 28594.3
0.6728 0.684 0.6622 29 5509.85
0.6807 0.686 0.6709 50 32483.86
0.6847 0.6896 0.6795 40 26502.14
0.6836 0.6885 0.6808 64 49172.35
0.6888 0.6989 0.6756 52 9670.58
0.6922 0.6983 0.6875 47 22269.03
0.6843 0.6988 0.6752 64 14618.81
0.6769 0.6837 0.67 12 12813.55
0.6765 0.6866 0.6722 45 8311.55
0.6799 0.69 0.674 33 18292.14
0.6752 0.6795 0.6686 63 34046.54
0.6738 0.6847 0.6619 51 44379.31
0.6726 0.6776 0.657 32 17681.95
0.6697 0.673 0.664 60 31881.09
0.6735 0.6791 0.6684 49 19850.28
0.6529 0.6782 0.6306 35 5365.96
0.6427 0.65 0.6383 64 15774.01
0.6188 0.6338 0.5879 45 6826.47
0.5715 0.587 0.5592 135 139641.11
0.5946 0.5998 0.5881 61 29761.58
0.5908 0.6019 0.5869 44 12119.36
0.589 0.5927 0.5851 35 8066.75
0.5964 0.6024 0.5881 27 5915.53
0.5967 0.6025 0.574 40 26095.97
0.5914 0.6 0.5748 68 39054.08
0.5928 0.6069 0.5746 75 157999.67
0.5975 0.6022 0.5885 48 62418.55
0.5862 0.5965 0.5837 38 27882.14
0.5918 0.6024 0.5847 19 46294.05
0.5918 0.5963 0.581 36 9521.88
0.5715 0.5785 0.5639 63 82989.5
0.5759 0.5879 0.5711 76 13083.25
0.5859 0.5887 0.5829 58 14722.45
0.5817 0.5839 0.575 35 14976.18
0.5815 0.5836 0.5779 37 13219.79
0.581 0.5837 0.5799 34 10981.73
0.5864 0.5907 0.5826 35 5415.61
0.5862 0.5949 0.58 55 24135.37
0.5924 0.5968 0.5884 70 25644.92
0.585 0.5864 0.5838 41 15422.89
0.5864 0.5883 0.5817 57 48518.76
0.5889 0.5897 0.5859 48 15072.5
0.5888 0.5951 0.586 35 16332.2
0.5819 0.5872 0.5663 11 3060.59
0.5831 0.5899 0.58 47 25067.51
0.5834 0.5902 0.575 55 33807.65
0.5842 0.5894 0.573 50 19101.75
0.5824 0.5846 0.5785 40 13196.01
0.5807 0.5844 0.5784 41 12938.46
0.5829 0.5952 0.5806 69 110982.81
0.6088 0.614 0.597 62 15677.76
0.6064 0.6171 0.599 53 34657.55
0.6057 0.6111 0.6 51 40947.24
0.6099 0.6151 0.608 58 46521.66
0.6278 0.6329 0.6187 78 159531.65
0.6287 0.63 0.6259 33 7259.5
0.6241 0.63 0.6 34 29603.67
0.6258 0.6297 0.6187 36 67760.73
0.6189 0.6252 0.6115 36 10958.21
0.608 0.625 0.5982 81 119198.58
0.6058 0.61 0.6027 55 40337.17
0.603 0.6094 0.5912 63 61316.04
0.6011 0.6053 0.597 38 106514.07
0.5999 0.6037 0.595 36 15335.28
0.6032 0.6069 0.5985 48 49206.39
0.6043 0.6091 0.6007 78 142449.83
0.6059 0.6094 0.603 55 36048.12
0.6039 0.6056 0.6016 81 90006.44
0.5975 0.6016 0.5942 60 52615.34
0.598 0.6025 0.596 46 24398.29
0.5973 0.6025 0.5927 54 118891.49
0.6044 0.6121 0.6014 55 21157.14
0.6033 0.6052 0.5999 41 6369.96
0.6049 0.6059 0.6035 14 5678.8
0.6036 0.6071 0.5977 45 45831.75
0.6013 0.6049 0.598 100 93075.54
0.6072 0.6114 0.6008 79 66308.1
0.6107 0.6124 0.606 33 5210.94
0.6128 0.6133 0.6122 28 7121.63
0.6125 0.6198 0.6044 67 37970.22
0.6073 0.6118 0.6059 102 66452.39
0.608 0.6128 0.6061 65 115347.09
0.6105 0.6144 0.6078 40 37318.32
0.6106 0.6182 0.6042 47 132937.31
0.6133 0.6162 0.606 39 56470.66
0.6135 0.6191 0.6099 32 18881.53
0.6133 0.6149 0.6128 65 30281.75
0.6352 0.6678 0.6181 151 186125.21
0.6502 0.6614 0.64 47 16722.9
0.6462 0.6567 0.6374 86 51538.24
0.645 0.6479 0.6329 35 6393.49
0.6449 0.6456 0.6445 21 42215.47
0.6476 0.66 0.6447 36 56649.8
0.6484 0.6614 0.6462 41 47658.41
0.6472 0.6566 0.6439 39 10655.12
0.6395 0.6445 0.6293 58 10010.53
0.6399 0.6446 0.6367 49 19558.11
0.6416 0.6488 0.6346 43 27843.07
0.6507 0.6658 0.6426 61 35445.14
0.668 0.6699 0.6649 21 3496.93
0.661 0.6717 0.6553 41 7702.22
0.6679 0.6722 0.6645 56 7962.14
0.6787 0.695 0.6708 77 43864.5
0.6979 0.6998 0.6955 70 25543.49
0.699 0.7187 0.6956 69 14352.44
0.7128 0.7275 0.6976 78 49371.47
0.7214 0.7305 0.7024 29 5040.67
0.7169 0.7369 0.6999 38 23644.86
0.7297 0.7451 0.7107 81 129428.39
0.7372 0.7423 0.7347 54 26832.95
0.7387 0.7532 0.7035 86 99731.35
0.7191 0.7259 0.7104 44 26037.32
0.7092 0.7185 0.6678 56 9774.98
0.7179 0.7211 0.7114 28 4515.84
0.7175 0.7209 0.7142 53 6437.78
0.7187 0.7272 0.7119 64 17464.72
0.7412 0.764 0.7226 90 115816.08
0.7321 0.7376 0.7262 46 15204.8
0.7259 0.7294 0.7148 69 13550.93
0.7258 0.7353 0.7165 42 22197.34
0.7116 0.7194 0.6997 58 13408.62
0.7325 0.7465 0.7158 101 56870.94
0.733 0.7393 0.72 75 16891.59
0.7424 0.7743 0.7272 77 50307.88
0.7613 0.7723 0.7462 90 12548.64
0.7533 0.7608 0.7336 49 30743.05
0.7576 0.7602 0.7552 46 10412.54
0.75 0.7581 0.7419 36 16728.67
0.7458 0.7565 0.7218 84 64187.87
0.7564 0.77 0.7405 86 58313.89
0.7594 0.7631 0.757 51 6539.16
0.749 0.76 0.743 60 27033.63
0.7492 0.756 0.7353 60 72009.55
0.7483 0.754 0.7182 49 7363.41
0.7536 0.7583 0.7397 49 7285.06
0.754 0.7604 0.742 70 17459.48
0.751 0.7565 0.7291 39 1953.02
0.7542 0.758 0.7408 73 32673.62
0.7586 0.7621 0.7567 69 26248.37
0.7769 0.8023 0.7587 123 108170.19
0.7852 0.8333 0.7696 40 11609.66
0.7825 0.7864 0.7799 43 6655.88
0.7774 0.784 0.7692 52 5849.02
0.7779 0.7856 0.7699 86 17184.33
0.7756 0.7788 0.772 62 4909.01
0.7765 0.7819 0.7684 81 28711.46
0.7804 0.7843 0.7634 70 47448.74
0.7882 0.7908 0.7848 36 27542.87
0.7843 0.7873 0.7805 24 13188.21
0.7916 0.7996 0.7812 98 30539.84
0.7896 0.796 0.7868 87 53777.78
0.7875 0.7941 0.7845 75 31985.57
0.7888 0.7913 0.7858 61 6267.1
0.7899 0.7974 0.7879 82 45315.37
0.8011 0.81 0.7983 50 104807.08
0.8039 0.8102 0.7995 55 11381.61
0.8126 0.8165 0.8109 73 7060.77
0.8057 0.813 0.7949 77 17348.18
0.8232 0.8471 0.8031 135 169242.51
0.8578 0.8719 0.8376 142 158403.34
0.8951 0.9113 0.8725 120 107527.78
0.912 0.9299 0.8998 77 20977.82
0.8806 0.9064 0.8638 80 18986.31
0.9033 0.9081 0.8993 79 16003.04
0.9135 0.9307 0.8919 137 332201.83
0.9421 0.9597 0.9285 129 104143.97
0.964 0.9803 0.9284 122 109649.75
0.9557 0.9672 0.948 108 36348.11
0.958 0.9644 0.9553 55 6847.07
0.9705 0.9959 0.956 84 127995.48
1.0191 1.029 1.0027 134 214623.59
1.0139 1.018 1.0033 97 87944.01
1.0638 1.1096 1.0172 207 351246.62
1.0615 1.12 0.9625 174 129270.76
0.9216 1.0007 0.8331 145 204791.61
0.8616 0.8904 0.8048 126 35551.03
0.8877 0.8988 0.8737 121 112887.82
0.8838 0.9078 0.8545 66 14303.34
0.895 0.8992 0.8869 94 43096.63
0.8514 0.909 0.7639 186 58688.8
0.7927 0.8266 0.7645 178 12698.29
0.8178 0.829 0.7976 122 58300.49
0.8247 0.8348 0.8194 69 26303.49
0.8251 0.8474 0.8194 86 1938.39
0.8229 0.828 0.8158 48 7019.32
0.863 0.9041 0.8205 188 120700.26
0.8903 0.9065 0.8775 80 30504.64
0.8861 0.903 0.854 103 60708.49
0.9001 0.9045 0.8946 65 21274.48
0.9128 0.9304 0.8994 112 96224.18
0.9213 0.94 0.9051 82 5220.42
0.919 0.923 0.9162 78 10910.95
0.9188 0.9263 0.9166 100 30193.73
0.9112 0.9216 0.8996 70 10759.87
0.9092 0.9206 0.9019 97 11489.18
0.9178 0.9209 0.9129 91 5563.85
0.9174 0.9209 0.912 64 11032.16
0.917 0.9193 0.9128 53 9604.33
0.9184 0.9191 0.918 78 14824.31
0.925 0.9393 0.9171 90 125183.27
0.9601 0.9703 0.9452 138 68249.18
0.9799 0.99 0.9638 131 23527.07
0.9917 0.998 0.9821 112 44568.54
0.9932 1.0046 0.963 135 129378.92
1.0036 1.0162 0.9829 100 57829.45
1.0039 1.0124 0.995 142 68652.36
1.016 1.0275 1.0047 114 60597.05
1.0218 1.0429 1 111 46293.94
0.9932 1.0328 0.9205 131 119170.23
0.9477 0.965 0.9371 174 191908.7
0.9768 0.9891 0.8928 99 41331.81
0.9924 0.9948 0.99 41 7165.53
0.9985 1.0101 0.9898 93 17784.55
0.995 1.0078 0.9908 97 48374.6
1.0064 1.0118 0.9999 90 31386.31
1.0137 1.0206 1.0022 116 21460.72
1.0356 1.0477 0.9944 132 27220.6
1.0465 1.0529 1.0333 90 48883.04
1.052 1.0602 1.0375 69 105606.94
1.0519 1.0596 1.02 116 7822.74
1.0713 1.0889 1.0574 150 206653.34
1.0776 1.085 1.0729 144 247971.85
1.1001 1.1078 1.0895 158 177068.38
1.1333 1.1473 1.0846 175 117697.89
1.1296 1.1415 1.1109 74 37525.76
1.1278 1.1475 1.1 157 105456.5
1.1458 1.1566 1.1359 135 76315.89
1.1594 1.1689 1.13 126 52697.36
1.1663 1.1882 1.1123 101 106597.09
1.1988 1.2348 1.1664 182 119450.27
1.2601 1.2966 1.2309 182 79117.11
1.266 1.2844 1.244 87 8095.33
1.2632 1.2704 1.2532 134 37775.17
1.2539 1.2655 1.194 77 18399.46
1.245 1.26 1.2215 135 41383.67
1.2114 1.2493 1.1743 96 17421.72
1.1749 1.2042 1.1521 118 69402.97
1.2196 1.2528 1.1986 174 102341.01
1.1814 1.2307 1.1368 111 44765.52
1.2036 1.2327 1.1621 177 19576.81
1.2462 1.2701 1.2291 108 67562.13
1.2479 1.2796 1.1741 83 8059.23
1.2641 1.274 1.256 78 167936.69
1.2504 1.2739 1.1986 89 23368.64
1.1919 1.2402 1.1569 147 15310.07
1.1045 1.172 1.0204 160 15194.84
1.052 1.1138 1.0143 183 48048.44
1.1018 1.12 1.0644 169 22233.29
1.1195 1.1563 1.0754 102 55289.58
1.1177 1.1663 1.0888 142 145473.83
1.1023 1.1293 1.0702 152 11177.18
1.0749 1.1199 1.011 132 19456.45
1.005 1.0433 0.9257 136 17711.26
1.0209 1.0477 0.9995 139 101581.63
1.0373 1.0796 0.9574 142 38435.58
1.0745 1.0928 1.0591 104 40869.79
1.0619 1.0718 1.0457 103 14232.82
1.0567 1.0859 1.0451 91 9697.05
1.0585 1.0702 1.0363 126 99223.94
1.0843 1.0979 1.0443 134 69264.68
1.09 1.0974 1.0514 103 41948.02
1.1116 1.1475 1.09 154 121538.22
1.1468 1.1497 1.1368 157 199838.49
1.131 1.1485 1.1034 108 6830.42
1.145 1.167 1.1102 128 57552.26
1.1877 1.2025 1.1789 133 115961.5
1.1823 1.1951 1.15 88 11170.27
1.1793 1.1873 1.1523 91 22988.46
1.187 1.1897 1.1804 81 82748.81
1.1965 1.2 1.1889 109 97683.1
1.2101 1.2205 1.1999 97 56360.97
1.1875 1.2116 1.1607 71 10913.74
1.1831 1.1946 1.1671 80 49846.87
1.1884 1.1935 1.18 38 10044.81
1.1875 1.19 1.185 29 7311.95
1.1928 1.209 1.1851 89 25281.77
1.2088 1.2128 1.2057 71 29336.51
1.2123 1.2151 1.2091 122 170213.98
1.2203 1.2339 1.19 151 57478.63
1.2289 1.2346 1.2169 72 110713.38
1.2189 1.2359 1.1965 77 25428.13
1.2257 1.2297 1.2149 93 84246.84
1.235 1.2387 1.2261 83 103475
1.2429 1.2488 1.2346 89 176135.11
1.2534 1.2647 1.2488 143 148671.58
1.281 1.2993 1.2604 154 235786.18
1.2945 1.2999 1.2753 103 68463.7
1.2872 1.2972 1.2807 78 32755.78
1.2958 1.2988 1.2914 86 26721.63
1.3256 1.3856 1.2978 168 219983.1
1.403 1.4312 1.3831 131 72956.26
1.4135 1.4467 1.3968 131 182927.45
1.4689 1.54 1.4346 181 90624.55
1.4815 1.5029 1.4372 155 23735.7
1.4894 1.5 1.4755 87 13400.18
1.5106 1.5273 1.5044 134 127942.78
1.5612 1.5955 1.5098 199 379727.55
1.6672 1.712 1.6305 176 300889.18
1.707 1.7399 1.6875 100 56994.97
1.7821 1.8264 1.7298 229 258953.97
1.7688 1.8199 1.6815 159 62235.31
1.705 1.7357 1.6795 142 35425.77
1.7714 1.7905 1.7478 105 105328.05
1.751 1.7998 1.6989 133 48512.28
1.7368 1.784 1.7106 79 37359.38
1.8022 1.8518 1.7624 208 135854.82
1.8305 1.8502 1.8097 177 253376.97
1.908 1.95 1.8506 145 204534.88
1.9858 2.0299 1.91 185 128537.49
2.0676 2.0995 2.0189 201 94949.29
2.1528 2.2362 2.0464 324 474358.49
2.2067 2.2779 2.0844 258 144833.41
2.3348 2.4762 2.1905 372 595658.55
2.6274 2.8494 2.4588 532 497479.04
2.4632 2.6565 1.8682 252 147910.02
2.1313 2.3857 1.9626 255 129948.73
2.2267 2.3773 2.0803 187 146754.32
2.2775 2.3424 2.1891 205 211593.38
2.3494 2.4389 2.2061 210 141755.08
2.3018 2.35 2.2 187 111796.84
2.4369 2.4809 2.345 232 207245.19
2.4714 2.4875 2.4263 172 44824.02
2.5486 2.6266 2.4854 262 125249.95
2.5856 2.6257 2.5609 100 16369.9
2.6404 2.7457 2.5666 278 208085.55
2.7798 2.8352 2.7044 401 825044.82
2.8135 2.85 2.7703 106 25935.16
2.7548 2.7991 2.6882 233 286351.22
2.7963 2.8281 2.7796 216 352162.49
2.8506 2.887 2.8182 191 169795.13
2.8977 2.939 2.8556 208 113812.8
2.8615 2.981 2.678 253 45436.26
2.7949 2.8735 2.7383 218 86596.12
2.7231 2.8175 2.5783 196 204382.6
2.4969 2.6172 2.3933 309 101895.62
2.5884 2.7353 2.4748 243 126937.78
2.7192 2.7697 2.66 185 132202.86
2.6814 2.7716 2.6158 143 68734.16
2.6327 2.8333 2.5818 159 28723.95
2.6589 2.7548 2.617 251 496661.04
2.7255 2.7888 2.6712 142 55052.03
2.6969 2.7438 2.6437 164 305255.71
2.7433 2.7676 2.7105 174 82103.75
2.7415 2.7894 2.6301 184 281422.47
2.7131 2.7777 2.6916 87 13545.81
2.6117 2.6918 2.507 158 42646.67
2.5342 2.633 2.4345 180 60060
2.63 2.6915 2.5756 272 124593.55
2.6607 2.6959 2.6134 122 40972.71
2.6305 2.6869 2.5746 116 41616.19
2.5673 2.6315 2.4934 88 13739.58
2.5267 2.5771 2.499 106 25493.79
2.5991 2.6525 2.5302 113 35050.82
2.6297 2.6495 2.568 171 39877.67
2.6014 2.6332 2.56 153 218142.77
2.6018 2.6229 2.5815 123 16844.82
2.5822 2.61 2.5324 66 5000.01
2.5735 2.5919 2.5548 101 63587.12
2.5878 2.5947 2.5772 66 57356.67
2.5323 2.5874 2.4869 93 69876.71
2.4388 2.4698 2.4141 163 74051.49
2.4058 2.44 2.3598 184 40256.54
2.4504 2.6147 2.376 210 155130.87
2.3844 2.44 2.2787 96 9070.08
2.1915 2.2778 2.0952 158 43398.91
2.0291 2.1412 1.9324 123 30572.49
2.1311 2.2744 1.9828 241 53141.82
2.3264 2.4289 2.2208 249 176746.72
2.3929 2.444 2.3402 156 27809.35
2.5226 2.6861 2.3685 317 480071.72
2.7183 2.7957 2.5483 262 245373.24
2.7275 2.8004 2.642 167 171771.36
2.71 2.7756 2.6396 90 18862.96
2.7128 2.7407 2.6654 142 57486.76
2.7095 2.7965 2.6299 220 185250.87
2.5695 2.6742 2.4552 178 32530.93
2.5737 2.5989 2.528 180 121814.95
2.6971 2.7407 2.6016 194 298733.78
2.6845 2.7298 2.6104 116 38038.63
2.6515 2.7242 2.5699 134 93972.02
2.7449 2.7914 2.692 220 232215.88
2.7529 2.8157 2.6749 173 95201.11
2.7264 2.7654 2.695 106 18667.26
2.7618 2.8207 2.7327 178 56221.32
2.8153 2.8415 2.7967 141 42705.08
3.0572 3.2091 2.813 303 464825.62
3.1712 3.1948 3.1267 153 48215.18
3.236 3.2999 3.1845 218 365376.25
3.3365 3.3969 3.2652 267 301174.95
3.2977 3.399 3.2016 210 103710.8
3.3435 3.3796 3.27 158 68476.08
3.4264 3.4955 3.378 235 530772.7
3.6857 3.8195 3.5027 318 526345.89
3.9389 4.0991 3.7389 455 392970.17
4.1339 4.3065 3.9713 417 458697.41
4.1974 4.3387 3.8838 379 348643.47
4.1302 4.2991 3.9919 263 609811.39
4.3174 4.4282 4.2109 287 258813.12
4.2729 4.3365 4.0994 207 108319.03
4.0446 4.1368 3.9 272 157881.06
3.9348 3.9623 3.8529 256 108199.52
3.8791 3.9443 3.811 229 106013.75
3.7536 3.9595 3.5741 353 320095.67
3.9846 4.0942 3.8962 289 831705.35
4.0662 4.1973 3.9858 154 285782.03
4.248 4.3466 4.1299 266 100487
4.2355 4.2987 4.16 133 228286.76
4.2761 4.3187 4.2506 143 40760.6
4.2665 4.2992 4.2094 201 115351.53
4.3712 4.5404 4.27 287 349522.45
4.5628 4.6326 4.4409 252 314198.56
4.6418 4.7957 4.5358 314 246055.03
4.7999 4.8471 4.7456 288 348709.78
4.7839 4.9444 4.6068 252 143544.85
4.685 4.7847 4.5399 224 73622.58
4.5039 4.7003 4.2591 272 69458
4.4145 4.5489 4.2068 364 190700.38
4.6139 4.7043 4.5018 271 310529.23
4.6847 4.7457 4.6345 189 46693.56
4.6355 4.7753 4.4123 261 94355.04
4.5207 4.5999 4.4472 155 291583
4.4315 4.5299 4.333 210 186352.87
4.356 4.525 4.1556 269 355999.12
4.3421 4.496 4.2342 189 63898.02
4.0876 4.3478 3.8762 320 191051.5
3.7943 4.0336 3.4403 392 453176.82
3.5746 3.9845 3.1451 577 436598.01
3.8561 3.9668 3.7651 241 176393.67
3.7578 3.8896 3.6511 184 104430.18
4.0247 4.1992 3.7349 308 502332.46
4.0821 4.199 3.9772 180 30189.62
3.9907 4.0594 3.9415 170 516727.9
3.8847 3.9853 3.7091 194 384130.62
3.7351 3.8658 3.6036 219 95198.97
3.7429 3.8337 3.6582 133 159280.07
3.7743 3.8694 3.6507 111 135769.08
3.8733 4.0158 3.7691 170 121830.45
3.9921 4.0174 3.9503 140 260510.67
4.0766 4.1996 3.9623 231 699537.67
4.2027 4.2636 4.1512 195 99516.21
4.1642 4.1998 4.0862 193 189168.4
4.2449 4.3271 4.1852 197 264397.89
4.3067 4.3478 4.24 140 172876.66
4.3799 4.3998 4.3373 199 251787.83
4.3095 4.3906 4.2658 140 69735.42
4.2452 4.3199 4.1699 154 211164.73
4.2363 4.3144 4.154 155 89492.64
4.3266 4.3785 4.2763 154 95277.45
4.2956 4.3284 4.2717 80 17572.21
4.4066 4.5376 4.2705 245 563252.24
4.5216 4.7155 4.111 263 562045.78
4.7071 4.7998 4.6 245 428547.51
4.6909 4.7739 4.6019 175 167616.27
4.9684 5.2214 4.7102 411 1061183.72
5.4559 5.5792 5.2218 394 1008687.34
5.4927 5.58 5.4 198 325444.23
5.4871 5.6889 5.3825 183 321104.06
5.5248 5.5904 5.4843 177 260035.13
5.5185 5.6 5.3814 182 161493.75
5.3043 5.4942 5.1075 294 511335.89
5.5192 5.5948 5.4354 212 241673.33
5.6369 5.866 5.5035 296 428355.53
5.8915 5.9993 5.7782 256 446164.15
5.8131 5.9399 5.7021 181 117056.8
5.7333 5.8822 5.5688 262 526722.62
5.5894 5.8079 5.4777 226 312717.67
5.4483 5.5458 5.3485 295 318106.45
5.6663 5.8073 5.4767 273 361996.39
5.7373 5.8358 5.647 201 246723.69
5.6632 5.7027 5.599 196 319998.57
5.7101 5.9174 5.63 283 911138.62
5.9798 6.0273 5.8999 248 223132.62
6.0596 6.2786 5.9083 295 450840.61
6.3537 6.498 6.1195 316 1141091.11
6.7934 6.9958 6.3993 530 1309954.39
7.1159 7.39 6.8413 434 691486.96
7.0966 7.2582 6.9944 290 383116.03
7.3019 7.362 7.2228 305 146198.46
7.1763 7.3709 6.9235 286 262336.87
7.0401 7.1847 6.9123 256 192781.78
7.2165 7.5109 6.9701 429 1163839.2
7.183 7.3333 7.0609 239 476283.93
7.065 7.176 6.7007 260 176042.67
6.7896 7.0188 6.4436 298 144583.49
6.3161 6.5469 5.8491 428 671833.97
6.2938 6.874 5.8203 523 1472485.9
6.5422 6.6578 6.4828 264 498871.11
6.9146 7.1969 6.5077 457 1740533.81
7.3858 7.6603 7.2191 463 1366060.6
7.6729 7.7767 7.4136 409 264614.55
7.6162 7.6963 7.5399 245 142016.74
7.7219 7.9961 7.6 333 703015.49
8.0262 8.1967 7.9064 343 327245.46
8.1401 8.2738 7.8832 341 620920.8
8.1291 8.2186 8.0584 288 143502.09
8.144 8.1795 8.1 263 355549.12
8.1162 8.2414 7.8976 346 485641.13
8.402 8.6872 8.1174 407 363897.43
8.8823 9.2717 8.5984 525 1103617.46
9.4158 9.5595 9.103 554 456614.17
9.7025 9.8966 9.5 594 964658.5
10.2865 11.0492 9.5063 1385 2565125.09
9.9499 10.4757 9.3281 831 833940.59
10.0247 10.5274 9.5235 828 1733794.72
10.7332 10.9402 10.5486 670 1091685.31
11.2212 11.6936 10.8722 726 786709.05
11.4084 11.597 11.0531 714 690618.39
11.5853 11.7736 10.5951 859 1108054.78
12.2866 12.9516 11.7784 1650 3205634.72
14.4965 16.1831 12.9824 3066 3132364.58
15.9525 16.929 15.0264 2071 1704683.89
15.6798 16.3447 14.0308 1123 708947.1
15.0453 16.1865 14.0367 1385 904780.47
16.7733 17.8014 15.5004 1357 1824270.7
17.4482 17.8734 16.9964 1166 649378.57
17.4377 17.9034 16.9858 1040 791763.52
17.0486 17.4776 15.5446 924 686870.69
17.6756 18.3343 16.5315 1127 1369436.52
18.3939 19.4051 17.9932 1114 1194358.53
19.2293 19.6534 18.6315 1718 1756679.16
18.709 19.0992 18.306 1556 1136126.63
18.5317 18.9895 17.7507 1411 1310154.85
17.3012 18.0623 16.5466 1518 1940377.92
16.7131 17.4345 15.5682 1025 896838.78
14.1137 15.7237 11.9916 2099 2656123.11
15.3973 16.3617 14.4751 1311 1172404.71
14.7228 16.2558 13.8712 1001 590853.43
14.6741 15.136 14.1208 842 450591.75
15.4695 16.364 14.4145 1128 1611720.34
16.2077 16.7481 15.503 830 526534.37
15.2105 16.0964 14.5425 797 479267.14
15.1151 15.6727 14.6101 762 413962.07
14.1217 15.1105 13.1463 798 522475.18
13.9874 14.7428 13.2801 667 388036.06
